{
	 "rootnode": {
		 "name": "RootNode"
		,"transformation": [
			 1
			,0
			,0
			,0
			,0
			,1
			,0
			,0
			,0
			,0
			,1
			,0
			,0
			,0
			,0
			,1
		]
		,"children": [
			{
				 "name": "Armature_$AssimpFbxNull$"
				,"transformation": [
					 500
					,0
					,0
					,-1994.83
					,0
					,-8.14603e-005
					,500
					,5251.35
					,0
					,-500
					,-8.14603e-005
					,-20.3461
					,0
					,0
					,0
					,1
				]
				,"children": [
					{
						 "name": "Bone"
						,"transformation": [
							 -0.229694
							,0.973263
							,-1.21824e-007
							,0
							,1.51458e-007
							,-8.94264e-008
							,-1
							,0
							,-0.973263
							,-0.229694
							,-1.26868e-007
							,0
							,0
							,0
							,0
							,1
						]
						,"children": [
							{
								 "name": "Bone.001"
								,"transformation": [
									 1.94707e-007
									,-0.245791
									,-0.969323
									,4.82947e-015
									,0
									,0.969323
									,-0.245791
									,2.2144
									,1
									,4.78573e-008
									,1.88734e-007
									,0
									,0
									,0
									,0
									,1
								]
								,"children": [
									{
										 "name": "Bone.002"
										,"transformation": [
											 1
											,-8.62205e-009
											,-1.15579e-007
											,3.10862e-015
											,0
											,0.997229
											,-0.0743921
											,1.6256
											,1.159e-007
											,0.0743921
											,0.997229
											,3.72529e-008
											,0
											,0
											,0
											,1
										]
										,"children": [
											{
												 "name": "Bone.003"
												,"transformation": [
													 0.918912
													,0.393478
													,-0.0278502
													,-8.88178e-016
													,-0.174568
													,0.468959
													,0.865797
													,2.17317
													,0.353733
													,-0.790729
													,0.499621
													,-5.96046e-008
													,0
													,0
													,0
													,1
												]
												,"children": [
													{
														 "name": "Bone.005"
														,"transformation": [
															 -0.918912
															,-0.215834
															,0.330176
															,-5.96046e-008
															,-0.393478
															,0.44244
															,-0.805867
															,3.33201
															,0.0278503
															,-0.870438
															,-0.491489
															,-8.04663e-007
															,0
															,0
															,0
															,1
														]
														,"children": [
															{
																 "name": "Bone.007"
																,"transformation": [
																	 -0.99643
																	,0.0844144
																	,0.000881875
																	,8.54624e-008
																	,0.000100188
																	,0.0116289
																	,-0.999933
																	,2.13229
																	,-0.084419
																	,-0.996363
																	,-0.0115958
																	,7.21291e-008
																	,0
																	,0
																	,0
																	,1
																]
																,"children": [
																	{
																		 "name": "Bone.008"
																		,"transformation": [
																			 -0.977946
																			,-0.196432
																			,-0.0709645
																			,-1.49012e-008
																			,0.166578
																			,-0.528612
																			,-0.832358
																			,1.69113
																			,0.125989
																			,-0.825822
																			,0.549675
																			,1.49827e-007
																			,0
																			,0
																			,0
																			,1
																		]
																		,"children": [
																			{
																				 "name": "Bone.009"
																				,"transformation": [
																					 -0.986885
																					,-0.0966994
																					,-0.129256
																					,5.96046e-008
																					,-0.160672
																					,0.665656
																					,0.728757
																					,2.65846
																					,0.0155699
																					,0.739967
																					,-0.672462
																					,1.4822e-006
																					,0
																					,0
																					,0
																					,1
																				]
																				,"children": [
																					{
																						 "name": "Bone.009_end"
																						,"transformation": [
																							 1
																							,0
																							,0
																							,0
																							,0
																							,1
																							,0
																							,1.20114
																							,0
																							,0
																							,1
																							,0
																							,0
																							,0
																							,0
																							,1
																						]
																					}
																				]
																			}
																		]
																	}
																]
															}
														]
													}
												]
											}
											,{
												 "name": "Bone.004"
												,"transformation": [
													 0.10645
													,-0.420519
													,-0.901017
													,-8.88178e-016
													,0.858084
													,0.49667
													,-0.130427
													,2.17317
													,0.502356
													,-0.759264
													,0.413711
													,-5.96046e-008
													,0
													,0
													,0
													,1
												]
												,"children": [
													{
														 "name": "Bone.006"
														,"transformation": [
															 -0.10645
															,0.00649911
															,-0.994297
															,-2.98023e-008
															,0.420519
															,0.906441
															,-0.0390964
															,3.01098
															,0.901017
															,-0.422283
															,-0.0992241
															,5.96046e-008
															,0
															,0
															,0
															,1
														]
														,"children": [
															{
																 "name": "Bone.011"
																,"transformation": [
																	 0.980076
																	,-0.198621
																	,-8.56817e-007
																	,1.77831e-008
																	,0.151659
																	,0.748346
																	,0.645738
																	,2.18789
																	,-0.128256
																	,-0.632873
																	,0.763559
																	,2.49275e-007
																	,0
																	,0
																	,0
																	,1
																]
																,"children": [
																	{
																		 "name": "Bone.012"
																		,"transformation": [
																			 -0.980324
																			,-0.0668641
																			,0.185726
																			,-2.08616e-007
																			,0.146861
																			,0.381632
																			,0.912572
																			,1.72684
																			,-0.131897
																			,0.921893
																			,-0.364303
																			,5.59735e-008
																			,0
																			,0
																			,0
																			,1
																		]
																		,"children": [
																			{
																				 "name": "Bone.013"
																				,"transformation": [
																					 0.991138
																					,-0.132687
																					,0.00633899
																					,8.9407e-008
																					,0.109263
																					,0.841442
																					,0.529185
																					,3.00036
																					,-0.0755501
																					,-0.523803
																					,0.848483
																					,-1.34337e-006
																					,0
																					,0
																					,0
																					,1
																				]
																				,"children": [
																					{
																						 "name": "Bone.013_end"
																						,"transformation": [
																							 1
																							,0
																							,0
																							,0
																							,0
																							,1
																							,0
																							,1.03706
																							,0
																							,0
																							,1
																							,0
																							,0
																							,0
																							,0
																							,1
																						]
																					}
																				]
																			}
																		]
																	}
																]
															}
														]
													}
												]
											}
											,{
												 "name": "Bone.015"
												,"transformation": [
													 1
													,-2.54937e-007
													,-1.04045e-007
													,-8.88178e-016
													,2.75351e-007
													,0.925861
													,0.377863
													,2.17317
													,0
													,-0.377863
													,0.925861
													,-5.96046e-008
													,0
													,0
													,0
													,1
												]
												,"children": [
													{
														 "name": "Bone.016"
														,"transformation": [
															 0.999697
															,-0.024515
															,-0.00206825
															,4.44089e-014
															,0.0179833
															,0.785529
															,-0.618563
															,2.15177
															,0.0167887
															,0.618339
															,0.785732
															,-1.19209e-007
															,0
															,0
															,0
															,1
														]
														,"children": [
															{
																 "name": "Bone.017"
																,"transformation": [
																	 0.999795
																	,-0.0193374
																	,0.00600672
																	,-3.49246e-009
																	,0.0199673
																	,0.990812
																	,-0.133763
																	,1.52625
																	,-0.00336491
																	,0.133855
																	,0.990995
																	,4.5562e-008
																	,0
																	,0
																	,0
																	,1
																]
																,"children": [
																	{
																		 "name": "Bone.018"
																		,"transformation": [
																			 0.999754
																			,0.0145577
																			,-0.0167045
																			,-1.86265e-009
																			,-0.0163365
																			,0.993594
																			,-0.111825
																			,1.38418
																			,0.0149695
																			,0.11207
																			,0.993588
																			,-4.08792e-007
																			,0
																			,0
																			,0
																			,1
																		]
																		,"children": [
																			{
																				 "name": "Bone.019"
																				,"transformation": [
																					 0.997566
																					,0.0688211
																					,0.0112209
																					,-1.30385e-008
																					,-0.0677066
																					,0.917516
																					,0.391894
																					,1.35447
																					,0.0166752
																					,-0.391699
																					,0.919942
																					,9.67353e-007
																					,0
																					,0
																					,0
																					,1
																				]
																				,"children": [
																					{
																						 "name": "Bone.020"
																						,"transformation": [
																							 0.997993
																							,0.0592801
																							,-0.0222727
																							,6.98492e-008
																							,-0.0323936
																							,0.780106
																							,0.624809
																							,1.32171
																							,0.0544138
																							,-0.622833
																							,0.78046
																							,1.4226e-007
																							,0
																							,0
																							,0
																							,1
																						]
																						,"children": [
																							{
																								 "name": "Bone.020_end"
																								,"transformation": [
																									 1
																									,0
																									,0
																									,0
																									,0
																									,1
																									,0
																									,3.62554
																									,0
																									,0
																									,1
																									,0
																									,0
																									,0
																									,0
																									,1
																								]
																							}
																						]
																					}
																				]
																			}
																		]
																	}
																]
															}
														]
													}
												]
											}
										]
									}
								]
							}
						]
					}
					,{
						 "name": "Bone.021"
						,"transformation": [
							 -0.201755
							,-0.753441
							,-0.625797
							,0
							,0.924298
							,-0.357819
							,0.132814
							,0
							,-0.32399
							,-0.551627
							,0.768595
							,0
							,0
							,0
							,0
							,1
						]
						,"children": [
							{
								 "name": "Bone.023"
								,"transformation": [
									 -0.924297
									,0.122187
									,-0.361587
									,1.19209e-007
									,0.35782
									,-0.0522578
									,-0.932327
									,3.62033
									,-0.132814
									,-0.99113
									,0.00458098
									,-1.63913e-007
									,0
									,0
									,0
									,1
								]
								,"children": [
									{
										 "name": "Bone.024"
										,"transformation": [
											 -0.991979
											,-0.12627
											,0.00581022
											,-1.47095e-007
											,-0.11551
											,0.88686
											,-0.447366
											,2.43796
											,0.0513363
											,-0.444449
											,-0.894332
											,9.66166e-008
											,0
											,0
											,0
											,1
										]
										,"children": [
											{
												 "name": "Bone.025"
												,"transformation": [
													 -0.995255
													,-0.0289527
													,0.092891
													,9.87202e-008
													,-0.0897431
													,0.642014
													,-0.761423
													,3.27264
													,-0.037592
													,-0.766146
													,-0.641566
													,-4.98258e-008
													,0
													,0
													,0
													,1
												]
												,"children": [
													{
														 "name": "Bone.026"
														,"transformation": [
															 0.962527
															,0.270994
															,0.0101895
															,-5.96046e-008
															,-0.239023
															,0.830023
															,0.503914
															,3.1991
															,0.1281
															,-0.487467
															,0.863693
															,6.95727e-007
															,0
															,0
															,0
															,1
														]
														,"children": [
															{
																 "name": "Bone.026_end"
																,"transformation": [
																	 1
																	,0
																	,0
																	,0
																	,0
																	,1
																	,0
																	,1.50145
																	,0
																	,0
																	,1
																	,0
																	,0
																	,0
																	,0
																	,1
																]
															}
														]
													}
												]
											}
										]
									}
								]
							}
						]
					}
					,{
						 "name": "Bone.022"
						,"transformation": [
							 0.552412
							,-0.830338
							,0.0733438
							,0
							,0.407159
							,0.345557
							,0.845466
							,0
							,-0.727367
							,-0.437182
							,0.52897
							,0
							,0
							,0
							,0
							,1
						]
						,"children": [
							{
								 "name": "Bone.027"
								,"transformation": [
									 -0.407159
									,0.896329
									,0.175543
									,0
									,-0.345557
									,0.0267374
									,-0.938017
									,3.68224
									,-0.845465
									,-0.442582
									,0.298846
									,5.96046e-008
									,0
									,0
									,0
									,1
								]
								,"children": [
									{
										 "name": "Bone.028"
										,"transformation": [
											 -0.996417
											,0.0844629
											,-0.00429296
											,3.40567e-009
											,0.058545
											,0.652249
											,-0.75574
											,2.42482
											,-0.0610319
											,-0.753284
											,-0.654858
											,3.62123e-007
											,0
											,0
											,0
											,1
										]
										,"children": [
											{
												 "name": "Bone.029"
												,"transformation": [
													 -0.991669
													,0.107161
													,-0.0714823
													,1.49012e-008
													,0.120283
													,0.571735
													,-0.811573
													,3.24738
													,-0.0461004
													,-0.81341
													,-0.579861
													,-9.12696e-008
													,0
													,0
													,0
													,1
												]
												,"children": [
													{
														 "name": "Bone.030"
														,"transformation": [
															 0.943175
															,-0.258847
															,-0.208371
															,-3.72529e-008
															,0.158215
															,0.901238
															,-0.403407
															,3.53233
															,0.292212
															,0.347517
															,0.890979
															,-1.4808e-007
															,0
															,0
															,0
															,1
														]
														,"children": [
															{
																 "name": "Bone.030_end"
																,"transformation": [
																	 1
																	,0
																	,0
																	,0
																	,0
																	,1
																	,0
																	,1.22565
																	,0
																	,0
																	,1
																	,0
																	,0
																	,0
																	,0
																	,1
																]
															}
														]
													}
												]
											}
										]
									}
								]
							}
						]
					}
					,{
						 "name": "Bone.031"
						,"transformation": [
							 1.94707e-007
							,-0.973841
							,0.22723
							,0
							,1
							,2.12835e-007
							,5.52773e-008
							,0
							,-1.02194e-007
							,0.22723
							,0.973841
							,0
							,0
							,0
							,0
							,1
						]
						,"children": [
							{
								 "name": "Bone.032"
								,"transformation": [
									 1
									,-3.44788e-008
									,-5.22001e-008
									,1.06581e-014
									,3.46486e-008
									,0.999995
									,0.0032565
									,2.98766
									,5.20875e-008
									,-0.0032565
									,0.999995
									,1.03251e-014
									,0
									,0
									,0
									,1
								]
								,"children": [
									{
										 "name": "Bone.033"
										,"transformation": [
											 1
											,-9.2954e-008
											,1.29534e-007
											,3.19744e-014
											,9.16814e-008
											,0.999952
											,0.00978991
											,1.18305
											,-1.30438e-007
											,-0.00978991
											,0.999952
											,-5.86733e-008
											,0
											,0
											,0
											,1
										]
										,"children": [
											{
												 "name": "Bone.034"
												,"transformation": [
													 1
													,3.55064e-008
													,9.35117e-007
													,-2.84217e-014
													,-5.2008e-007
													,0.851828
													,0.523822
													,1.73523
													,-7.77959e-007
													,-0.523822
													,0.851828
													,5.21541e-008
													,0
													,0
													,0
													,1
												]
												,"children": [
													{
														 "name": "Bone.035"
														,"transformation": [
															 -1
															,2.89576e-008
															,2.77414e-006
															,3.97904e-013
															,-6.18528e-008
															,0.999465
															,-0.0327291
															,2.61447
															,-2.7736e-006
															,-0.0327291
															,-0.999464
															,5.96051e-008
															,0
															,0
															,0
															,1
														]
														,"children": [
															{
																 "name": "Bone.035_end"
																,"transformation": [
																	 1
																	,0
																	,0
																	,0
																	,0
																	,1
																	,0
																	,3.42928
																	,0
																	,0
																	,1
																	,0
																	,0
																	,0
																	,0
																	,1
																]
															}
														]
													}
												]
											}
										]
									}
								]
							}
						]
					}
				]
			}
			,{
				 "name": "Gun_a0b86a8_obj"
				,"transformation": [
					 1.94707e-005
					,-100
					,-4.37114e-006
					,137.744
					,0
					,-4.37114e-006
					,100
					,3635.97
					,-100
					,-1.94707e-005
					,-8.51092e-013
					,-63.0367
					,0
					,0
					,0
					,1
				]
				,"meshes": [
					 0
					,1
					,2
				]
			}
			,{
				 "name": "Hemi.001"
				,"transformation": [
					 100
					,0
					,0
					,0
					,0
					,-100
					,3.89414e-005
					,0
					,0
					,-3.89414e-005
					,-100
					,-5000
					,0
					,0
					,0
					,1
				]
			}
			,{
				 "name": "Hemi"
				,"transformation": [
					 100
					,0
					,0
					,0
					,0
					,100
					,0
					,0
					,0
					,0
					,100
					,0
					,0
					,0
					,0
					,1
				]
			}
			,{
				 "name": "Gun_10af6a38_obj"
				,"transformation": [
					 3.13916e-005
					,-100
					,-4.37114e-006
					,-274.521
					,0
					,-4.37114e-006
					,100
					,4874.72
					,-100
					,-3.13916e-005
					,-1.37217e-012
					,-30.6429
					,0
					,0
					,0
					,1
				]
				,"meshes": [
					 3
				]
			}
			,{
				 "name": "Gun_10b572e8_obj"
				,"transformation": [
					 3.13916e-005
					,-100
					,-4.37114e-006
					,-306.292
					,0
					,-4.37114e-006
					,100
					,7248.03
					,-100
					,-3.13916e-005
					,-1.37217e-012
					,426.689
					,0
					,0
					,0
					,1
				]
				,"meshes": [
					 4
				]
			}
			,{
				 "name": "Gun_a0a2cf0_obj"
				,"transformation": [
					 3.13916e-005
					,-100
					,-4.37114e-006
					,-632.438
					,0
					,-4.37114e-006
					,100
					,5983.86
					,-100
					,-3.13916e-005
					,-1.37217e-012
					,690.287
					,0
					,0
					,0
					,1
				]
				,"meshes": [
					 5
				]
			}
			,{
				 "name": "Gun_a119810_obj"
				,"transformation": [
					 3.13916e-005
					,-100
					,-4.37114e-006
					,-250.151
					,0
					,-4.37114e-006
					,100
					,8424.03
					,-100
					,-3.13916e-005
					,-1.37217e-012
					,-111.419
					,0
					,0
					,0
					,1
				]
				,"meshes": [
					 6
				]
			}
			,{
				 "name": "Gun_a0aac20_obj"
				,"transformation": [
					 3.13916e-005
					,-100
					,-4.37114e-006
					,-302.839
					,0
					,-4.37114e-006
					,100
					,7247.5
					,-100
					,-3.13916e-005
					,-1.37217e-012
					,425.763
					,0
					,0
					,0
					,1
				]
				,"meshes": [
					 7
				]
			}
			,{
				 "name": "Gun_10b595c8_obj"
				,"transformation": [
					 3.13916e-005
					,-100
					,-4.37114e-006
					,-315.864
					,0
					,-4.37114e-006
					,100
					,8328.21
					,-100
					,-3.13916e-005
					,-1.37217e-012
					,-53.3142
					,0
					,0
					,0
					,1
				]
				,"meshes": [
					 8
				]
			}
			,{
				 "name": "Gun_a0a81d8_obj"
				,"transformation": [
					 3.13916e-005
					,-100
					,-4.37114e-006
					,-529.014
					,0
					,-4.37114e-006
					,100
					,6861.86
					,-100
					,-3.13916e-005
					,-1.37217e-012
					,-62.002
					,0
					,0
					,0
					,1
				]
				,"meshes": [
					 9
				]
			}
			,{
				 "name": "Gun_a0ad260_obj"
				,"transformation": [
					 3.13916e-005
					,-100
					,-4.37114e-006
					,-312.991
					,0
					,-4.37114e-006
					,100
					,8327.77
					,-100
					,-3.13916e-005
					,-1.37217e-012
					,-53.9553
					,0
					,0
					,0
					,1
				]
				,"meshes": [
					 10
				]
			}
			,{
				 "name": "Gun_a10e110_obj"
				,"transformation": [
					 3.13916e-005
					,-100
					,-4.37114e-006
					,-86.7178
					,0
					,-4.37114e-006
					,100
					,8154.31
					,-100
					,-3.13916e-005
					,-1.37217e-012
					,-104.996
					,0
					,0
					,0
					,1
				]
				,"meshes": [
					 11
				]
			}
			,{
				 "name": "Gun_a0b00f8_obj"
				,"transformation": [
					 3.13916e-005
					,-100
					,-4.37114e-006
					,-323.611
					,0
					,-4.37114e-006
					,100
					,8266.09
					,-100
					,-3.13916e-005
					,-1.37217e-012
					,-84.1867
					,0
					,0
					,0
					,1
				]
				,"meshes": [
					 12
				]
			}
			,{
				 "name": "Gun_a044bf0_obj"
				,"transformation": [
					 3.13916e-005
					,-100
					,-4.37114e-006
					,-279.204
					,0
					,-4.37114e-006
					,100
					,8356.79
					,-100
					,-3.13916e-005
					,-1.37217e-012
					,-80.8979
					,0
					,0
					,0
					,1
				]
				,"meshes": [
					 13
				]
			}
			,{
				 "name": "Gun_a0b5e78_obj"
				,"transformation": [
					 3.13916e-005
					,-100
					,-4.37114e-006
					,-398.086
					,0
					,-4.37114e-006
					,100
					,8331.91
					,-100
					,-3.13916e-005
					,-1.37217e-012
					,246.938
					,0
					,0
					,0
					,1
				]
				,"meshes": [
					 14
				]
			}
			,{
				 "name": "Gun_a046fb0_obj"
				,"transformation": [
					 3.13916e-005
					,-100
					,-4.37114e-006
					,-83.8686
					,0
					,-4.37114e-006
					,100
					,8153.86
					,-100
					,-3.13916e-005
					,-1.37217e-012
					,-106.025
					,0
					,0
					,0
					,1
				]
				,"meshes": [
					 15
				]
			}
			,{
				 "name": "Gun_10b5db88_obj"
				,"transformation": [
					 3.13916e-005
					,-100
					,-4.37114e-006
					,-278.161
					,0
					,-4.37114e-006
					,100
					,8347
					,-100
					,-3.13916e-005
					,-1.37217e-012
					,-92.6218
					,0
					,0
					,0
					,1
				]
				,"meshes": [
					 16
				]
			}
			,{
				 "name": "Gun_10b51f18_obj"
				,"transformation": [
					 3.13916e-005
					,-100
					,-4.37114e-006
					,-329.062
					,0
					,-4.37114e-006
					,100
					,5963.8
					,-100
					,-3.13916e-005
					,-1.37217e-012
					,687.924
					,0
					,0
					,0
					,1
				]
				,"meshes": [
					 17
				]
			}
			,{
				 "name": "Gun_a049468_obj"
				,"transformation": [
					 3.13916e-005
					,-100
					,-4.37114e-006
					,-236.098
					,0
					,-4.37114e-006
					,100
					,5682.87
					,-100
					,-3.13916e-005
					,-1.37217e-012
					,-37.4874
					,0
					,0
					,0
					,1
				]
				,"meshes": [
					 18
				]
			}
			,{
				 "name": "Gun_10af9078_obj"
				,"transformation": [
					 3.13916e-005
					,-100
					,-4.37114e-006
					,-325.585
					,0
					,-4.37114e-006
					,100
					,7980.02
					,-100
					,-3.13916e-005
					,-1.37217e-012
					,-90.5071
					,0
					,0
					,0
					,1
				]
				,"meshes": [
					 19
				]
			}
		]
	}
	,"flags": 8
	,"meshes": [
		{
			 "name": "Gun_a0b86a8_obj.001"
			,"materialindex": 0
			,"primitivetypes": 4
			,"vertices": [
				 -3.62568
				,-12.4427
				,17.6697
				,-5.38436
				,-18.5943
				,14.0381
				,-5.67171
				,-15.4421
				,14.9748
				,-6.39723
				,-21.1542
				,6.50244
				,-7.66637
				,-17.9128
				,9.69551
				,-6.01154
				,-21.8094
				,7.32087
				,-7.23849
				,-17.9374
				,10.7144
				,-4.78975
				,-24.8379
				,9.70319
				,-5.38436
				,-18.5943
				,14.0381
				,-4.78975
				,-24.8379
				,9.70319
				,-2.74671
				,-25.1833
				,13.8721
				,-3.62568
				,-12.4427
				,17.6697
				,-0.96332
				,-17.0056
				,19.3422
				,-3.62568
				,-12.4427
				,17.6697
				,-1.07794
				,-14.2563
				,19.2584
				,-1.07794
				,-14.2563
				,19.2584
				,0.50559
				,-13.8047
				,19.3702
				,0.651835
				,-16.6155
				,19.8824
				,0.50559
				,-13.8047
				,19.3702
				,2.17632
				,-18.5659
				,18.582
				,0.651835
				,-16.6155
				,19.8824
				,0.478549
				,-32.3649
				,10.42
				,0.478549
				,-32.3649
				,10.42
				,2.17632
				,-18.5659
				,18.582
				,1.66395
				,-31.9092
				,9.943
				,2.17632
				,-18.5659
				,18.582
				,3.43527
				,-24.9419
				,13.5094
				,1.66395
				,-31.9092
				,9.943
				,1.66395
				,-31.9092
				,9.943
				,3.43527
				,-24.9419
				,13.5094
				,3.01871
				,-30.8108
				,8.78669
				,4.91569
				,-23.3935
				,10.1579
				,4.68111
				,-28.2347
				,4.88392
				,5.53126
				,-21.3131
				,6.9641
				,0.478549
				,-32.3649
				,10.42
				,-0.772817
				,-31.8263
				,10.2467
				,-0.96332
				,-17.0056
				,19.3422
				,-0.772817
				,-31.8263
				,10.2467
				,-2.74671
				,-25.1833
				,13.8721
				,-0.772817
				,-31.8263
				,10.2467
				,-2.36074
				,-30.9815
				,8.40223
				,-2.74671
				,-25.1833
				,13.8721
				,-4.78975
				,-24.8379
				,9.70319
				,-4.64734
				,-28.6485
				,5.38385
				,-6.01154
				,-21.8094
				,7.32087
				,-5.75358
				,-25.2197
				,1.05581
				,-6.39723
				,-21.1542
				,6.50244
				,-6.19849
				,-23.8885
				,-0.780444
				,-6.39723
				,-21.1542
				,6.50244
				,2.08051
				,-13.9796
				,19.0868
				,4.47162
				,-14.1972
				,17.1834
				,4.47162
				,-14.1972
				,17.1834
				,3.43527
				,-24.9419
				,13.5094
				,6.16116
				,-17.0921
				,13.7437
				,4.91569
				,-23.3935
				,10.1579
				,7.34366
				,-16.7208
				,9.22712
				,5.53126
				,-21.3131
				,6.9641
				,7.66637
				,-16.7286
				,8.07568
				,7.66637
				,-16.7286
				,8.07568
				,5.73983
				,-21.0183
				,6.6733
				,4.84832
				,-24.6032
				,0.391857
				,5.73983
				,-21.0183
				,6.6733
				,4.86666
				,-23.2223
				,-1.49605
				,6.33632
				,-14.0137
				,14.41
				,6.16116
				,-17.0921
				,13.7437
				,4.47162
				,-14.1972
				,17.1834
				,4.84832
				,-24.6032
				,0.391857
				,4.86666
				,-23.2223
				,-1.49605
				,4.4777
				,-28.9502
				,-3.1171
				,4.55003
				,-27.1981
				,-4.76406
				,4.31405
				,-32.0859
				,0.815621
				,4.68111
				,-28.2347
				,4.88392
				,2.88013
				,-35.2045
				,3.42259
				,3.01871
				,-30.8108
				,8.78669
				,1.66629
				,-36.0613
				,3.85281
				,1.66395
				,-31.9092
				,9.943
				,0.478549
				,-32.3649
				,10.42
				,0.433169
				,-36.5379
				,4.33618
				,0.433169
				,-36.5379
				,4.33618
				,-0.880326
				,-36.3457
				,4.20883
				,0.478549
				,-32.3649
				,10.42
				,-0.772817
				,-31.8263
				,10.2467
				,-2.36074
				,-30.9815
				,8.40223
				,-2.16556
				,-35.5468
				,4.31054
				,-4.64734
				,-28.6485
				,5.38385
				,-4.21618
				,-32.7007
				,1.99448
				,-5.75358
				,-25.2197
				,1.05581
				,-5.27508
				,-29.4291
				,-2.28584
				,-6.19849
				,-23.8885
				,-0.780444
				,-5.27508
				,-29.4291
				,-2.28584
				,-5.70717
				,-27.7496
				,-4.16055
				,-5.30783
				,-42.7918
				,-9.24976
				,-5.91676
				,-43.0573
				,-10.3441
				,-5.33
				,-39.3551
				,-8.14895
				,-5.90974
				,-39.1704
				,-9.58595
				,-3.84051
				,-41.2385
				,-4.24814
				,-3.77454
				,-44.0715
				,-6.03611
				,-2.54685
				,-45.0624
				,-3.76739
				,-2.4835
				,-42.2017
				,-2.18198
				,-0.838314
				,-45.2905
				,-2.89759
				,-0.870408
				,-42.4399
				,-1.1156
				,0.771601
				,-45.2763
				,-2.74161
				,0.749987
				,-42.3525
				,-0.811698
				,0.749987
				,-42.3525
				,-0.811698
				,2.25829
				,-42.1877
				,-1.46255
				,0.771601
				,-45.2763
				,-2.74161
				,2.29038
				,-45.0384
				,-3.24453
				,3.54203
				,-41.7161
				,-2.85015
				,3.71045
				,-44.5581
				,-4.46119
				,4.28186
				,-40.7394
				,-5.04991
				,4.34904
				,-43.7751
				,-6.65037
				,4.61599
				,-38.618
				,-8.96027
				,4.96116
				,-42.5851
				,-10.3796
				,5.20734
				,-42.161
				,-11.5775
				,4.75073
				,-38.3113
				,-10.768
				,-2.40884
				,-38.5199
				,-0.220726
				,-2.4835
				,-42.2017
				,-2.18198
				,-4.02942
				,-36.924
				,-2.52126
				,-3.84051
				,-41.2385
				,-4.24814
				,-5.33
				,-39.3551
				,-8.14895
				,-5.30446
				,-34.2347
				,-5.54572
				,-5.90974
				,-39.1704
				,-9.58595
				,-5.30446
				,-34.2347
				,-5.54572
				,-5.90974
				,-39.1704
				,-9.58595
				,-5.6995
				,-32.3781
				,-6.02843
				,3.26694
				,-38.8241
				,0.269846
				,4.23096
				,-36.7848
				,-2.16168
				,3.54203
				,-41.7161
				,-2.85015
				,4.28186
				,-40.7394
				,-5.04991
				,4.61599
				,-38.618
				,-8.96027
				,4.55966
				,-33.1489
				,-5.71396
				,4.55966
				,-33.1489
				,-5.71396
				,4.75073
				,-38.3113
				,-10.768
				,4.78179
				,-31.6986
				,-6.71428
				,4.75073
				,-38.3113
				,-10.768
				,0.486034
				,-48.3368
				,-7.54057
				,1.75827
				,-48.2638
				,-8.27966
				,0.364023
				,-49.2805
				,-11.4566
				,1.75827
				,-48.2638
				,-8.27966
				,2.84458
				,-48.3572
				,-10.2404
				,0.364023
				,-49.2805
				,-11.4566
				,0.648747
				,-48.3648
				,-14.6108
				,3.68013
				,-47.5226
				,-13.8097
				,1.66629
				,-36.0613
				,3.85281
				,2.25829
				,-42.1877
				,-1.46255
				,0.433169
				,-36.5379
				,4.33618
				,0.749987
				,-42.3525
				,-0.811698
				,0.749987
				,-42.3525
				,-0.811698
				,-0.870408
				,-42.4399
				,-1.1156
				,0.433169
				,-36.5379
				,4.33618
				,-0.880326
				,-36.3457
				,4.20883
				,-5.70717
				,-27.7496
				,-4.16055
				,-5.27508
				,-29.4291
				,-2.28584
				,-5.6995
				,-32.3781
				,-6.02843
				,-5.6995
				,-32.3781
				,-6.02843
				,-5.27508
				,-29.4291
				,-2.28584
				,-5.30446
				,-34.2347
				,-5.54572
				,-4.21618
				,-32.7007
				,1.99448
				,-5.30446
				,-34.2347
				,-5.54572
				,-4.21618
				,-32.7007
				,1.99448
				,-4.02942
				,-36.924
				,-2.52126
				,-2.40884
				,-38.5199
				,-0.220726
				,-2.16556
				,-35.5468
				,4.31054
				,-2.16556
				,-35.5468
				,4.31054
				,-0.880326
				,-36.3457
				,4.20883
				,-2.40884
				,-38.5199
				,-0.220726
				,-0.880326
				,-36.3457
				,4.20883
				,-0.870408
				,-42.4399
				,-1.1156
				,-2.40884
				,-38.5199
				,-0.220726
				,-2.4835
				,-42.2017
				,-2.18198
				,2.95022
				,43.6685
				,-8.02085
				,2.25183
				,44.6985
				,-8.19376
				,2.91363
				,43.5313
				,-13.4394
				,2.27448
				,44.2712
				,-13.6642
				,2.87723
				,41.8653
				,-18.8827
				,2.2959
				,42.6699
				,-19.0573
				,2.48743
				,45.3002
				,-1.29057
				,3.47737
				,43.9503
				,-1.11551
				,2.23405
				,43.2204
				,6.68883
				,3.25412
				,42.0283
				,6.55213
				,1.61857
				,41.4528
				,12.5439
				,2.24117
				,41.2849
				,12.8129
				,1.69969
				,40.1668
				,15.4409
				,-0.867694
				,43.9041
				,12.8932
				,-0.7367
				,47.3674
				,7.10998
				,-0.542268
				,49.2805
				,-1.74427
				,-0.424093
				,48.4929
				,-8.8943
				,-0.340631
				,47.1681
				,-14.561
				,-0.261473
				,45.9308
				,-19.8824
				,-3.25319
				,41.6034
				,12.3175
				,-3.5802
				,43.4036
				,6.54586
				,-3.41786
				,45.4809
				,-1.39892
				,-0.7367
				,47.3674
				,7.10998
				,-3.41786
				,45.4809
				,-1.39892
				,-2.95162
				,44.8804
				,-8.29528
				,-0.542268
				,49.2805
				,-1.74427
				,-0.542268
				,49.2805
				,-1.74427
				,-2.95162
				,44.8804
				,-8.29528
				,-0.424093
				,48.4929
				,-8.8943
				,-2.81127
				,44.443
				,-13.8222
				,-0.340631
				,47.1681
				,-14.561
				,1.69969
				,40.1668
				,15.4409
				,-0.974173
				,39.4908
				,17.2535
				,-0.867694
				,43.9041
				,12.8932
				,-0.974173
				,39.4908
				,17.2535
				,-3.56215
				,40.177
				,15.3242
				,-3.56215
				,40.177
				,15.3242
				,-3.94062
				,41.3873
				,12.4136
				,-4.70703
				,42.0427
				,6.35957
				,-3.25319
				,41.6034
				,12.3175
				,-3.25319
				,41.6034
				,12.3175
				,-4.70703
				,42.0427
				,6.35957
				,-3.5802
				,43.4036
				,6.54586
				,-4.59157
				,43.9585
				,-1.25585
				,-3.41786
				,45.4809
				,-1.39892
				,-3.83255
				,43.6757
				,-8.12808
				,-3.83255
				,43.6757
				,-8.12808
				,-3.83255
				,43.6757
				,-8.12808
				,-3.63531
				,43.5384
				,-13.5386
				,-2.95162
				,44.8804
				,-8.29528
				,-2.81127
				,44.443
				,-13.8222
				,-3.43779
				,41.8721
				,-18.9783
				,-2.67373
				,42.8491
				,-19.1555
				,-2.67373
				,42.8491
				,-19.1555
				,-0.261473
				,45.9308
				,-19.8824
				,4.55003
				,-27.1981
				,-4.76406
				,4.78179
				,-31.6986
				,-6.71428
				,4.4777
				,-28.9502
				,-3.1171
				,4.78179
				,-31.6986
				,-6.71428
				,4.55966
				,-33.1489
				,-5.71396
				,4.4777
				,-28.9502
				,-3.1171
				,4.31405
				,-32.0859
				,0.815621
				,4.23096
				,-36.7848
				,-2.16168
				,4.31405
				,-32.0859
				,0.815621
				,3.26694
				,-38.8241
				,0.269846
				,2.88013
				,-35.2045
				,3.42259
				,2.88013
				,-35.2045
				,3.42259
				,3.26694
				,-38.8241
				,0.269846
				,1.66629
				,-36.0613
				,3.85281
				,1.66629
				,-36.0613
				,3.85281
				,3.26694
				,-38.8241
				,0.269846
				,2.25829
				,-42.1877
				,-1.46255
				,3.54203
				,-41.7161
				,-2.85015
				,-1.73431
				,-48.258
				,-7.29636
				,-1.05614
				,-49.1173
				,-9.77234
				,-2.77337
				,-48.5212
				,-10.4537
				,-1.05614
				,-49.1173
				,-9.77234
				,-1.06259
				,-49.256
				,-12.0608
				,-2.77337
				,-48.5212
				,-10.4537
				,-4.181
				,-47.8176
				,-16.2488
				,-1.48421
				,-48.4246
				,-17.3882
				,-4.46731
				,-47.6558
				,-17.649
				,-1.59911
				,-48.1935
				,-18.7886
				,-1.59911
				,-48.1935
				,-18.7886
				,-1.48421
				,-48.4246
				,-17.3882
				,2.46002
				,-47.4219
				,-16.2228
				,2.10802
				,-47.6838
				,-15.3287
				,-1.06259
				,-49.256
				,-12.0608
				,0.828209
				,-48.8504
				,-11.7485
				,0.488373
				,-48.8434
				,-10.0175
				,-1.05614
				,-49.1173
				,-9.77234
				,0.486034
				,-48.3368
				,-7.54057
				,-1.73431
				,-48.258
				,-7.29636
				,-3.44667
				,-49.2714
				,-9.6188
				,-1.9248
				,-47.9743
				,-6.83499
				,-0.486021
				,-50.1365
				,-10.6955
				,0.474913
				,-49.295
				,-7.80846
				,-0.523448
				,-46.9895
				,-5.53899
				,0.474913
				,-49.295
				,-7.80846
				,-0.523448
				,-46.9895
				,-5.53899
				,0.840854
				,-46.6372
				,-4.72103
				,-2.70328
				,-48.8912
				,-10.0907
				,-2.04101
				,-48.7333
				,-7.33904
				,-1.61594
				,-49.6109
				,-10.9214
				,-2.04101
				,-48.7333
				,-7.33904
				,-1.00289
				,-48.8603
				,-7.08968
				,-1.61594
				,-49.6109
				,-10.9214
				,1.4103
				,-49.8466
				,-11.4821
				,2.58064
				,-49.1283
				,-8.1104
				,3.47196
				,-48.6492
				,-8.78362
				,2.18579
				,-49.7432
				,-11.8656
				,3.4656
				,-47.0004
				,-6.38465
				,2.70798
				,-46.877
				,-5.90811
				,3.59182
				,-45.7006
				,-5.82924
				,2.93264
				,-45.8932
				,-4.99377
				,-0.59774
				,-47.5702
				,-4.51452
				,-0.0942554
				,-46.0502
				,-4.19266
				,-1.33131
				,-45.9019
				,-4.59415
				,-1.66225
				,-46.8781
				,-5.75485
				,-3.02563
				,39.5586
				,17.4738
				,-3.5075
				,40.3271
				,15.5102
				,-0.957422
				,41.847
				,16.7102
				,1.63747
				,40.317
				,15.6243
				,1.06699
				,39.552
				,17.5644
				,-0.957422
				,41.847
				,16.7102
				,-0.990732
				,40.6803
				,18.1123
				,-0.990732
				,40.6803
				,18.1123
				,-1.19508
				,36.0812
				,20.1886
				,-2.41136
				,36.0608
				,18.9755
				,0.351674
				,35.9343
				,19.1089
				,-1.19508
				,36.0812
				,20.1886
				,-5.19405
				,-25.4048
				,9.30514
				,-6.03512
				,-25.5138
				,2.77538
				,-6.04728
				,-22.9615
				,7.68391
				,-2.65033
				,-27.4081
				,12.2949
				,-2.63209
				,-30.3749
				,9.75202
				,-5.04771
				,-28.053
