{
	 "rootnode": {
		 "name": "RootNode"
		,"transformation": [
			 1
			,0
			,0
			,0
			,0
			,1
			,0
			,0
			,0
			,0
			,1
			,0
			,0
			,0
			,0
			,1
		]
		,"children": [
			{
				 "name": "Armature_$AssimpFbxNull$"
				,"transformation": [
					 100
					,0
					,0
					,0
					,0
					,-1.62921e-005
					,100
					,0
					,0
					,-100
					,-1.62921e-005
					,0
					,0
					,0
					,0
					,1
				]
				,"children": [
					{
						 "name": "Bone"
						,"transformation": [
							 -0.229693
							,0.973263
							,2.34525e-007
							,-0.0997433
							,1.76205e-007
							,2.82553e-007
							,-1
							,0.00101735
							,-0.973263
							,-0.229693
							,-2.36394e-007
							,0.262567
							,0
							,0
							,0
							,1
						]
						,"children": [
							{
								 "name": "Bone.001"
								,"transformation": [
									 1.94707e-007
									,-0.24579
									,-0.969323
									,-1.63789e-009
									,0
									,0.969323
									,-0.24579
									,0.0553599
									,1
									,4.78572e-008
									,1.88734e-007
									,-8.11786e-011
									,0
									,0
									,0
									,1
								]
								,"children": [
									{
										 "name": "Bone.002"
										,"transformation": [
											 1
											,3.68115e-008
											,1.33676e-006
											,1.31734e-010
											,6.27374e-008
											,0.997229
											,-0.0743941
											,0.0406399
											,-1.33579e-006
											,0.0743941
											,0.997229
											,-7.34055e-009
											,0
											,0
											,0
											,1
										]
										,"children": [
											{
												 "name": "Bone.003"
												,"transformation": [
													 0.918911
													,0.39342
													,-0.0286809
													,1.96739e-010
													,-0.133066
													,0.377605
													,0.916356
													,0.0543292
													,0.371342
													,-0.838233
													,0.399336
													,5.09558e-010
													,0
													,0
													,0
													,1
												]
												,"children": [
													{
														 "name": "Bone.005"
														,"transformation": [
															 -0.918912
															,-0.35689
															,0.168022
															,4.65661e-009
															,-0.393479
															,0.799235
															,-0.45431
															,0.0833001
															,0.0278498
															,-0.483584
															,-0.874855
															,3.49246e-010
															,0
															,0
															,0
															,1
														]
														,"children": [
															{
																 "name": "Bone.007"
																,"transformation": [
																	 -0.996448
																	,0.084065
																	,0.00488638
																	,-8.25821e-010
																	,0.0841713
																	,0.99266
																	,0.0868424
																	,0.0533072
																	,0.0024499
																	,0.0869453
																	,-0.99621
																	,-4.67298e-009
																	,0
																	,0
																	,0
																	,1
																]
																,"children": [
																	{
																		 "name": "Bone.008"
																		,"transformation": [
																			 -0.99776
																			,-0.0666453
																			,0.00572912
																			,-3.3906e-009
																			,-0.0658725
																			,0.993845
																			,0.0890591
																			,0.0422782
																			,-0.0116292
																			,0.0884822
																			,-0.99601
																			,-6.35919e-009
																			,0
																			,0
																			,0
																			,1
																		]
																		,"children": [
																			{
																				 "name": "Bone.009"
																				,"transformation": [
																					 -0.991292
																					,-0.0672814
																					,0.113197
																					,-8.44011e-010
																					,-0.131479
																					,0.457792
																					,-0.879284
																					,0.0664616
																					,0.00733861
																					,-0.88651
																					,-0.462651
																					,6.07906e-009
																					,0
																					,0
																					,0
																					,1
																				]
																				,"children": [
																					{
																						 "name": "Bone.009_end"
																						,"transformation": [
																							 1
																							,0
																							,0
																							,-1.94996e-009
																							,0
																							,1
																							,0
																							,0.0300285
																							,0
																							,0
																							,1
																							,5.44242e-009
																							,0
																							,0
																							,0
																							,1
																						]
																						,"children": [
																							{
																								 "name": "Bone.009_end_end"
																								,"transformation": [
																									 1
																									,0
																									,0
																									,0
																									,0
																									,1
																									,0
																									,0.0300285
																									,0
																									,0
																									,1
																									,0
																									,0
																									,0
																									,0
																									,1
																								]
																							}
																						]
																					}
																				]
																			}
																		]
																	}
																]
															}
														]
													}
												]
											}
											,{
												 "name": "Bone.004"
												,"transformation": [
													 0.10643
													,-0.419605
													,-0.901445
													,1.96739e-010
													,0.977826
													,0.208613
													,0.018343
													,0.0543292
													,0.180356
													,-0.883409
													,0.432504
													,5.09558e-010
													,0
													,0
													,0
													,1
												]
												,"children": [
													{
														 "name": "Bone.006"
														,"transformation": [
															 -0.106451
															,-0.669201
															,-0.735416
															,-1.62981e-009
															,0.420519
															,0.639917
															,-0.643171
															,0.0752743
															,0.901017
															,-0.377723
															,0.213292
															,3.72529e-009
															,0
															,0
															,0
															,1
														]
														,"children": [
															{
																 "name": "Bone.011"
																,"transformation": [
																	 0.980141
																	,-0.198304
																	,2.32346e-005
																	,-2.39288e-009
																	,0.197749
																	,0.977406
																	,0.0746561
																	,0.0546973
																	,-0.0148273
																	,-0.0731689
																	,0.997209
																	,6.1209e-009
																	,0
																	,0
																	,0
																	,1
																]
																,"children": [
																	{
																		 "name": "Bone.012"
																		,"transformation": [
																			 -0.994341
																			,0.0264028
																			,0.102902
																			,2.09548e-009
																			,0.0757317
																			,0.855462
																			,0.512299
																			,0.0431709
																			,-0.0745024
																			,0.517193
																			,-0.85262
																			,5.02496e-009
																			,0
																			,0
																			,0
																			,1
																		]
																		,"children": [
																			{
																				 "name": "Bone.013"
																				,"transformation": [
																					 0.98534
																					,-0.153166
																					,0.0751357
																					,2.79397e-009
																					,0.149838
																					,0.987539
																					,0.0481142
																					,0.0750088
																					,-0.0815689
																					,-0.0361506
																					,0.996012
																					,-3.3433e-009
																					,0
																					,0
																					,0
																					,1
																				]
																				,"children": [
																					{
																						 "name": "Bone.013_end"
																						,"transformation": [
																							 1
																							,0
																							,0
																							,4.65661e-010
																							,0
																							,1
																							,0
																							,0.0259266
																							,0
																							,0
																							,1
																							,-1.30385e-008
																							,0
																							,0
																							,0
																							,1
																						]
																						,"children": [
																							{
																								 "name": "Bone.013_end_end"
																								,"transformation": [
																									 1
																									,0
																									,0
																									,0
																									,0
																									,1
																									,0
																									,0.0259265
																									,0
																									,0
																									,1
																									,0
																									,0
																									,0
																									,0
																									,1
																								]
																							}
																						]
																					}
																				]
																			}
																		]
																	}
																]
															}
														]
													}
												]
											}
											,{
												 "name": "Bone.015"
												,"transformation": [
													 1
													,7.78706e-008
													,-1.90803e-007
													,1.96739e-010
													,0
													,0.925861
													,0.377863
													,0.0543292
													,2.06082e-007
													,-0.377863
													,0.925862
													,5.09558e-010
													,0
													,0
													,0
													,1
												]
												,"children": [
													{
														 "name": "Bone.016"
														,"transformation": [
															 0.999697
															,-0.0245154
															,-0.00206881
															,2.97309e-011
															,0.0190834
															,0.825759
															,-0.5637
															,0.0537942
															,0.0155276
															,0.56349
															,0.825977
															,1.15389e-008
															,0
															,0
															,0
															,1
														]
														,"children": [
															{
																 "name": "Bone.017"
																,"transformation": [
																	 0.999746
																	,-0.0191137
																	,0.0119058
																	,-2.32831e-010
																	,0.0177087
																	,0.993924
																	,0.108634
																	,0.0381564
																	,-0.0139098
																	,-0.108396
																	,0.99401
																	,2.48019e-009
																	,0
																	,0
																	,0
																	,1
																]
																,"children": [
																	{
																		 "name": "Bone.018"
																		,"transformation": [
																			 0.999829
																			,0.0160189
																			,-0.00919691
																			,-1.74623e-010
																			,-0.0154165
																			,0.997944
																			,0.0622027
																			,0.0346045
																			,0.0101744
																			,-0.0620503
																			,0.998021
																			,1.0592e-008
																			,0
																			,0
																			,0
																			,1
																		]
																		,"children": [
																			{
																				 "name": "Bone.019"
																				,"transformation": [
																					 0.997343
																					,0.0728459
																					,0.000673587
																					,0
																					,-0.0728433
																					,0.997338
																					,-0.003266
																					,0.0338617
																					,-0.000909708
																					,0.00320826
																					,0.999995
																					,-8.77299e-009
																					,0
																					,0
																					,0
																					,1
																				]
																				,"children": [
																					{
																						 "name": "Bone.020"
																						,"transformation": [
																							 0.997993
																							,0.0592786
																							,-0.0222703
																							,-5.23869e-010
																							,-0.0323941
																							,0.780107
																							,0.624806
																							,0.0330428
																							,0.0544109
																							,-0.622831
																							,0.780462
																							,5.54064e-009
																							,0
																							,0
																							,0
																							,1
																						]
																						,"children": [
																							{
																								 "name": "Bone.020_end"
																								,"transformation": [
																									 1
																									,0
																									,0
																									,-2.79397e-009
																									,0
																									,1
																									,0
																									,0.0906384
																									,0
																									,0
																									,1
																									,-1.90284e-008
																									,0
																									,0
																									,0
																									,1
																								]
																								,"children": [
																									{
																										 "name": "Bone.020_end_end"
																										,"transformation": [
																											 1
																											,0
																											,0
																											,0
																											,0
																											,1
																											,0
																											,0.0906384
																											,0
																											,0
																											,1
																											,0
																											,0
																											,0
																											,0
																											,1
																										]
																									}
																								]
																							}
																						]
																					}
																				]
																			}
																		]
																	}
																]
															}
														]
													}
												]
											}
										]
									}
								]
							}
						]
					}
					,{
						 "name": "Bone.021"
						,"transformation": [
							 -0.242737
							,-0.819635
							,-0.518918
							,-0.0997431
							,0.924297
							,-0.357819
							,0.132814
							,0.00101655
							,-0.294538
							,-0.447396
							,0.844443
							,0.262563
							,0
							,0
							,0
							,1
						]
						,"children": [
							{
								 "name": "Bone.023"
								,"transformation": [
									 -0.924297
									,0.240369
									,-0.296474
									,-1.86265e-009
									,0.357819
									,0.275424
									,-0.892248
									,0.0905082
									,-0.132813
									,-0.930786
									,-0.340583
									,-1.02445e-008
									,0
									,0
									,0
									,1
								]
								,"children": [
									{
										 "name": "Bone.024"
										,"transformation": [
											 -0.992192
											,-0.124569
											,0.0061368
											,-2.45886e-009
											,-0.0289732
											,0.182354
											,-0.982806
											,0.0609487
											,0.121308
											,-0.97531
											,-0.184539
											,8.11293e-009
											,0
											,0
											,0
											,1
										]
										,"children": [
											{
												 "name": "Bone.025"
												,"transformation": [
													 -0.995995
													,-0.0420189
													,0.0789213
													,-4.65661e-010
													,-0.0836543
													,0.74953
													,-0.656664
													,0.081816
													,-0.0315615
													,-0.660636
													,-0.750042
													,1.49885e-008
													,0
													,0
													,0
													,1
												]
												,"children": [
													{
														 "name": "Bone.026"
														,"transformation": [
															 0.962921
															,0.269483
															,0.0127353
															,-1.62981e-009
															,-0.232058
															,0.80327
															,0.548549
															,0.0799776
															,0.137595
															,-0.531165
															,0.836021
															,1.97997e-008
															,0
															,0
															,0
															,1
														]
														,"children": [
															{
																 "name": "Bone.026_end"
																,"transformation": [
																	 1
																	,0
																	,0
																	,-2.32831e-009
																	,0
																	,1
																	,0
																	,0.0375362
																	,0
																	,0
																	,1
																	,-1.9354e-008
																	,0
																	,0
																	,0
																	,1
																]
																,"children": [
																	{
																		 "name": "Bone.026_end_end"
																		,"transformation": [
																			 1
																			,0
																			,0
																			,0
																			,0
																			,1
																			,0
																			,0.0375361
																			,0
																			,0
																			,1
																			,0
																			,0
																			,0
																			,0
																			,1
																		]
																	}
																]
															}
														]
													}
												]
											}
										]
									}
								]
							}
						]
					}
					,{
						 "name": "Bone.022"
						,"transformation": [
							 0.656992
							,-0.753852
							,-0.00828141
							,-0.0997405
							,0.407159
							,0.345557
							,0.845466
							,0.00101811
							,-0.634494
							,-0.558836
							,0.533966
							,0.262568
							,0
							,0
							,0
							,1
						]
						,"children": [
							{
								 "name": "Bone.027"
								,"transformation": [
									 -0.40716
									,0.734317
									,0.543138
									,-1.76951e-008
									,-0.345557
									,0.426612
									,-0.835819
									,0.092056
									,-0.845465
									,-0.527997
									,0.080049
									,-1.01281e-008
									,0
									,0
									,0
									,1
								]
								,"children": [
									{
										 "name": "Bone.028"
										,"transformation": [
											 -0.996818
											,0.0795848
											,-0.00451379
											,2.2432e-009
											,0.0080474
											,0.044136
											,-0.998993
											,0.0606204
											,-0.0793054
											,-0.995851
											,-0.044636
											,-1.17638e-008
											,0
											,0
											,0
											,1
										]
										,"children": [
											{
												 "name": "Bone.029"
												,"transformation": [
													 -0.993209
													,0.0778944
													,-0.0864167
													,-4.65661e-010
													,0.102795
													,0.239694
													,-0.965391
													,0.0811842
													,-0.0544849
													,-0.967718
													,-0.246074
													,1.17216e-008
													,0
													,0
													,0
													,1
												]
												,"children": [
													{
														 "name": "Bone.030"
														,"transformation": [
															 0.952274
															,-0.26893
															,-0.144394
															,2.32831e-010
															,0.28247
															,0.597109
															,0.750781
															,0.088308
															,-0.115689
															,-0.755737
															,0.644576
															,6.34464e-009
															,0
															,0
															,0
															,1
														]
														,"children": [
															{
																 "name": "Bone.030_end"
																,"transformation": [
																	 1
																	,0
																	,0
																	,7.45058e-009
																	,0
																	,1
																	,0
																	,0.0306413
																	,0
																	,0
																	,1
																	,1.25729e-008
																	,0
																	,0
																	,0
																	,1
																]
																,"children": [
																	{
																		 "name": "Bone.030_end_end"
																		,"transformation": [
																			 1
																			,0
																			,0
																			,0
																			,0
																			,1
																			,0
																			,0.0306413
																			,0
																			,0
																			,1
																			,0
																			,0
																			,0
																			,0
																			,1
																		]
																	}
																]
															}
														]
													}
												]
											}
										]
									}
								]
							}
						]
					}
					,{
						 "name": "Bone.031"
						,"transformation": [
							 1.94707e-007
							,-0.973841
							,0.22723
							,-0.0997455
							,1
							,2.39375e-007
							,1.6902e-007
							,0.00101736
							,-2.18992e-007
							,0.22723
							,0.973841
							,0.262566
							,0
							,0
							,0
							,1
						]
						,"children": [
							{
								 "name": "Bone.032"
								,"transformation": [
									 1
									,3.68173e-007
									,6.3663e-007
									,-7.47464e-011
									,-3.70245e-007
									,0.999995
									,0.00325753
									,0.0746915
									,-6.35427e-007
									,-0.00325753
									,0.999995
									,-7.27824e-009
									,0
									,0
									,0
									,1
								]
								,"children": [
									{
										 "name": "Bone.033"
										,"transformation": [
											 1
											,-8.29021e-007
											,-1.82976e-006
											,-1.11484e-011
											,8.46891e-007
											,0.999952
											,0.0097879
											,0.0295763
											,1.82156e-006
											,-0.0097879
											,0.999952
											,-6.63029e-009
											,0
											,0
											,0
											,1
										]
										,"children": [
											{
												 "name": "Bone.034"
												,"transformation": [
													 1
													,-7.06907e-007
													,2.66178e-006
													,-9.48361e-011
													,-7.92141e-007
													,0.851827
													,0.523824
													,0.0433808
													,-2.63767e-006
													,-0.523824
													,0.851827
													,-4.7622e-009
													,0
													,0
													,0
													,1
												]
												,"children": [
													{
														 "name": "Bone.035"
														,"transformation": [
															 -1
															,3.41293e-007
															,3.73549e-006
															,-1.5169e-010
															,-4.21664e-007
															,0.979312
															,-0.202355
															,0.0653618
															,-3.72728e-006
															,-0.202355
															,-0.979312
															,-4.30893e-008
															,0
															,0
															,0
															,1
														]
														,"children": [
															{
																 "name": "Bone.035_end"
																,"transformation": [
																	 1
																	,0
																	,0
																	,-8.50662e-011
																	,0
																	,1
																	,0
																	,0.0857319
																	,0
																	,0
																	,1
																	,2.31238e-009
																	,0
																	,0
																	,0
																	,1
																]
																,"children": [
																	{
																		 "name": "Bone.035_end_end"
																		,"transformation": [
																			 1
																			,0
																			,0
																			,0
																			,0
																			,1
																			,0
																			,0.0857319
																			,0
																			,0
																			,1
																			,0
																			,0
																			,0
																			,0
																			,1
																		]
																	}
																]
															}
														]
													}
												]
											}
										]
									}
								]
							}
						]
					}
				]
			}
			,{
				 "name": "Gun_a0b86a8_obj"
				,"transformation": [
					 100
					,0
					,0
					,0
					,0
					,-1.62921e-005
					,100
					,0
					,0
					,-100
					,-1.62921e-005
					,0
					,0
					,0
					,0
					,1
				]
				,"meshes": [
					 0
					,1
					,2
				]
			}
		]
	}
	,"flags": 8
	,"meshes": [
		{
			 "name": "Gun_a0b86a8_obj.002"
			,"materialindex": 0
			,"primitivetypes": 4
			,"vertices": [
				 0.0691008
				,-0.0149765
				,0.270147
				,0.0998586
				,-0.0237699
				,0.251989
				,0.0840977
				,-0.0252066
				,0.256672
				,0.112658
				,-0.0288342
				,0.214311
				,0.0964509
				,-0.0351799
				,0.230276
				,0.115934
				,-0.0269058
				,0.218403
				,0.0965739
				,-0.0330405
				,0.23537
				,0.131077
				,-0.0207968
				,0.230314
				,0.0998586
				,-0.0237699
				,0.251989
				,0.131077
				,-0.0207968
				,0.230314
				,0.132803
				,-0.0105817
				,0.251159
				,0.0691008
				,-0.0149765
				,0.270147
				,0.0919152
				,-0.0016647
				,0.278509
				,0.0691008
				,-0.0149765
				,0.270147
				,0.0781688
				,-0.0022378
				,0.27809
				,0.0781688
				,-0.0022378
				,0.27809
				,0.0759106
				,0.00567984
				,0.278649
				,0.0899643
				,0.00641107
				,0.28121
				,0.0759106
				,0.00567984
				,0.278649
				,0.0997164
				,0.0140335
				,0.274709
				,0.0899643
				,0.00641107
				,0.28121
				,0.168711
				,0.00554461
				,0.233898
				,0.168711
				,0.00554461
				,0.233898
				,0.0997164
				,0.0140335
				,0.274709
				,0.166433
				,0.0114716
				,0.231513
				,0.0997164
				,0.0140335
				,0.274709
				,0.131596
				,0.0203282
				,0.249345
				,0.166433
				,0.0114716
				,0.231513
				,0.166433
				,0.0114716
				,0.231513
				,0.131596
				,0.0203282
				,0.249345
				,0.160941
				,0.0182454
				,0.225732
				,0.123854
				,0.0277303
				,0.232588
				,0.148061
				,0.0265574
				,0.206218
				,0.113452
				,0.0308082
				,0.216619
				,0.168711
				,0.00554461
				,0.233898
				,0.166018
				,-0.000712216
				,0.233032
				,0.0919152
				,-0.0016647
				,0.278509
				,0.166018
				,-0.000712216
				,0.233032
				,0.132803
				,-0.0105817
				,0.251159
				,0.166018
				,-0.000712216
				,0.233032
				,0.161794
				,-0.00865184
				,0.223809
				,0.132803
				,-0.0105817
				,0.251159
				,0.131077
				,-0.0207968
				,0.230314
				,0.150129
				,-0.0200848
				,0.208718
				,0.115934
				,-0.0269058
				,0.218403
				,0.132986
				,-0.025616
				,0.187077
				,0.112658
				,-0.0288342
				,0.214311
				,0.12633
				,-0.0278406
				,0.177896
				,0.112658
				,-0.0288342
				,0.214311
				,0.076785
				,0.0135544
				,0.277232
				,0.0778731
				,0.02551
				,0.267715
				,0.0778731
				,0.02551
				,0.267715
				,0.131596
				,0.0203282
				,0.249345
				,0.0923475
				,0.0339576
				,0.250517
				,0.123854
				,0.0277303
				,0.232588
				,0.0904911
				,0.0398701
				,0.227934
				,0.113452
				,0.0308082
				,0.216619
				,0.09053
				,0.0414837
				,0.222177
				,0.09053
				,0.0414837
				,0.222177
				,0.111978
				,0.031851
				,0.215165
				,0.129903
				,0.0273934
				,0.183758
				,0.111978
				,0.031851
				,0.215165
				,0.122999
				,0.0274851
				,0.174318
				,0.0769557
				,0.0348334
				,0.253848
				,0.0923475
				,0.0339576
				,0.250517
				,0.0778731
				,0.02551
				,0.267715
				,0.129903
				,0.0273934
				,0.183758
				,0.122999
				,0.0274851
				,0.174318
				,0.151638
				,0.0255403
				,0.166213
				,0.142877
				,0.025902
				,0.157978
				,0.167317
				,0.0247221
				,0.185876
				,0.148061
				,0.0265574
				,0.206218
				,0.18291
				,0.0175525
				,0.198911
				,0.160941
				,0.0182454
				,0.225732
				,0.187194
				,0.0114833
				,0.201062
				,0.166433
				,0.0114716
				,0.231513
				,0.168711
				,0.00554461
				,0.233898
				,0.189577
				,0.0053177
				,0.203479
				,0.189577
				,0.0053177
				,0.203479
				,0.188615
				,-0.00124977
				,0.202843
				,0.168711
				,0.00554461
				,0.233898
				,0.166018
				,-0.000712216
				,0.233032
				,0.161794
				,-0.00865184
				,0.223809
				,0.184621
				,-0.00767595
				,0.203351
				,0.150129
				,-0.0200848
				,0.208718
				,0.17039
				,-0.017929
				,0.191771
				,0.132986
				,-0.025616
				,0.187077
				,0.154032
				,-0.0232235
				,0.170369
				,0.12633
				,-0.0278406
				,0.177896
				,0.154032
				,-0.0232235
				,0.170369
				,0.145635
				,-0.025384
				,0.160996
				,0.220846
				,-0.0233873
				,0.13555
				,0.222174
				,-0.0264319
				,0.130078
				,0.203662
				,-0.0234981
				,0.141054
				,0.202739
				,-0.0263969
				,0.133869
				,0.213079
				,-0.0160507
				,0.160558
				,0.227244
				,-0.0157209
				,0.151618
				,0.232199
				,-0.0095824
				,0.162961
				,0.217895
				,-0.00926567
				,0.170888
				,0.233339
				,-0.00103973
				,0.16731
				,0.219086
				,-0.00120019
				,0.17622
				,0.233268
				,0.00700984
				,0.16809
				,0.218649
				,0.00690177
				,0.17774
				,0.218649
				,0.00690177
				,0.17774
				,0.217825
				,0.0144433
				,0.174486
				,0.233268
				,0.00700984
				,0.16809
				,0.232079
				,0.0146037
				,0.165576
				,0.215468
				,0.020862
				,0.167548
				,0.229678
				,0.0217041
				,0.159492
				,0.210584
				,0.0245611
				,0.156549
				,0.225762
				,0.024897
				,0.148547
				,0.199977
				,0.0262318
				,0.136997
				,0.219812
				,0.0279576
				,0.129901
				,0.217692
				,0.0291885
				,0.123911
				,0.198444
				,0.0269054
				,0.127959
				,0.199486
				,-0.00889233
				,0.180695
				,0.217895
				,-0.00926567
				,0.170888
				,0.191507
				,-0.0169952
				,0.169192
				,0.213079
				,-0.0160507
				,0.160558
				,0.203662
				,-0.0234981
				,0.141054
				,0.17806
				,-0.0233704
				,0.15407
				,0.202739
				,-0.0263969
				,0.133869
				,0.17806
				,-0.0233704
				,0.15407
				,0.202739
				,-0.0263969
				,0.133869
				,0.168778
				,-0.0253456
				,0.151656
				,0.201007
				,0.0194865
				,0.183148
				,0.190811
				,0.0243066
				,0.17099
				,0.215468
				,0.020862
				,0.167548
				,0.210584
				,0.0245611
				,0.156549
				,0.199977
				,0.0262318
				,0.136997
				,0.172632
				,0.0259501
				,0.153229
				,0.172632
				,0.0259501
				,0.153229
				,0.198444
				,0.0269054
				,0.127959
				,0.16538
				,0.0270608
				,0.148227
				,0.198444
				,0.0269054
				,0.127959
				,0.248571
				,0.005582
				,0.144096
				,0.248206
				,0.0119431
				,0.1404
				,0.253289
				,0.00497193
				,0.124515
				,0.248206
				,0.0119431
				,0.1404
				,0.248673
				,0.0173747
				,0.130597
				,0.253289
				,0.00497193
				,0.124515
				,0.248711
				,0.00639555
				,0.108745
				,0.2445
				,0.0215525
				,0.11275
				,0.187194
				,0.0114833
				,0.201062
				,0.217825
				,0.0144433
				,0.174486
				,0.189577
				,0.0053177
				,0.203479
				,0.218649
				,0.00690177
				,0.17774
				,0.218649
				,0.00690177
				,0.17774
				,0.219086
				,-0.00120019
				,0.17622
				,0.189577
				,0.0053177
				,0.203479
				,0.188615
				,-0.00124977
				,0.202843
				,0.145635
				,-0.025384
				,0.160996
				,0.154032
				,-0.0232235
				,0.170369
				,0.168778
				,-0.0253456
				,0.151656
				,0.168778
				,-0.0253456
				,0.151656
				,0.154032
				,-0.0232235
				,0.170369
				,0.17806
				,-0.0233704
				,0.15407
				,0.17039
				,-0.017929
				,0.191771
				,0.17806
				,-0.0233704
				,0.15407
				,0.17039
				,-0.017929
				,0.191771
				,0.191507
				,-0.0169952
				,0.169192
				,0.199486
				,-0.00889233
				,0.180695
				,0.184621
				,-0.00767595
				,0.203351
				,0.184621
				,-0.00767595
				,0.203351
				,0.188615
				,-0.00124977
				,0.202843
				,0.199486
				,-0.00889233
				,0.180695
				,0.188615
				,-0.00124977
				,0.202843
				,0.219086
				,-0.00120019
				,0.17622
				,0.199486
				,-0.00889233
				,0.180695
				,0.217895
				,-0.00926567
				,0.170888
				,-0.211455
				,0.017903
				,0.141694
				,-0.216605
				,0.0144111
				,0.14083
				,-0.210769
				,0.01772
				,0.114601
				,-0.214468
				,0.0145243
				,0.113478
				,-0.202439
				,0.0175381
				,0.087385
				,-0.206462
				,0.0146314
				,0.086512
				,-0.219614
				,0.0155891
				,0.175345
				,-0.212864
				,0.0205388
				,0.176221
				,-0.209215
				,0.0143222
				,0.215242
				,-0.203254
				,0.0194225
				,0.214559
				,-0.200377
				,0.0112448
				,0.244518
				,-0.199537
				,0.0143578
				,0.245863
				,-0.193946
				,0.0116504
				,0.259003
				,-0.212633
				,-0.00118653
				,0.246264
				,-0.22995
				,-0.000531564
				,0.217348
				,-0.239515
				,0.000440587
				,0.173077
				,-0.235577
				,0.00103145
				,0.137327
				,-0.228953
				,0.00144875
				,0.108993
				,-0.222766
				,0.00184453
				,0.0823862
				,-0.20113
				,-0.013114
				,0.243386
				,-0.210131
				,-0.0147491
				,0.214528
				,-0.220517
				,-0.0139374
				,0.174804
				,-0.22995
				,-0.000531564
				,0.217348
				,-0.220517
				,-0.0139374
				,0.174804
				,-0.217515
				,-0.0116062
				,0.140322
				,-0.239515
				,0.000440587
				,0.173077
				,-0.239515
				,0.000440587
				,0.173077
				,-0.217515
				,-0.0116062
				,0.140322
				,-0.235577
				,0.00103145
				,0.137327
				,-0.215327
				,-0.0109044
				,0.112687
				,-0.228953
				,0.00144875
				,0.108993
				,-0.193946
				,0.0116504
				,0.259003
				,-0.190567
				,-0.00171892
				,0.268066
				,-0.212633
				,-0.00118653
				,0.246264
				,-0.190567
				,-0.00171892
				,0.268066
				,-0.193998
				,-0.0146588
				,0.258419
				,-0.193998
				,-0.0146588
				,0.258419
				,-0.200049
				,-0.0165512
				,0.243866
				,-0.203326
				,-0.0203832
				,0.213596
				,-0.20113
				,-0.013114
				,0.243386
				,-0.20113
				,-0.013114
				,0.243386
				,-0.203326
				,-0.0203832
				,0.213596
				,-0.210131
				,-0.0147491
				,0.214528
				,-0.212905
				,-0.0198059
				,0.175519
				,-0.220517
				,-0.0139374
				,0.174804
				,-0.211491
				,-0.0160108
				,0.141158
				,-0.211491
				,-0.0160108
				,0.141158
				,-0.211491
				,-0.0160108
				,0.141158
				,-0.210805
				,-0.0150247
				,0.114105
				,-0.217515
				,-0.0116062
				,0.140322
				,-0.215327
				,-0.0109044
				,0.112687
				,-0.202473
				,-0.0140371
				,0.0869069
				,-0.207358
				,-0.0102167
				,0.0860208
				,-0.207358
				,-0.0102167
				,0.0860208
				,-0.222766
				,0.00184453
				,0.0823862
				,0.142877
				,0.025902
				,0.157978
				,0.16538
				,0.0270608
				,0.148227
				,0.151638
				,0.0255403
				,0.166213
				,0.16538
				,0.0270608
				,0.148227
				,0.172632
				,0.0259501
				,0.153229
				,0.151638
				,0.0255403
				,0.166213
				,0.167317
				,0.0247221
				,0.185876
				,0.190811
				,0.0243066
				,0.17099
				,0.167317
				,0.0247221
				,0.185876
				,0.201007
				,0.0194865
				,0.183148
				,0.18291
				,0.0175525
				,0.198911
				,0.18291
				,0.0175525
				,0.198911
				,0.201007
				,0.0194865
				,0.183148
				,0.187194
				,0.0114833
				,0.201062
				,0.187194
				,0.0114833
				,0.201062
				,0.201007
				,0.0194865
				,0.183148
				,0.217825
				,0.0144433
				,0.174486
				,0.215468
				,0.020862
				,0.167548
				,0.248177
				,-0.00551973
				,0.145317
				,0.252473
				,-0.00212886
				,0.132937
				,0.249493
				,-0.010715
				,0.12953
				,0.252473
				,-0.00212886
				,0.132937
				,0.253167
				,-0.00216115
				,0.121494
				,0.249493
				,-0.010715
				,0.12953
				,0.245975
				,-0.0177532
				,0.100555
				,0.24901
				,-0.00426922
				,0.0948573
				,0.245166
				,-0.0191847
				,0.0935535
				,0.247854
				,-0.00484372
				,0.0878552
				,0.247854
				,-0.00484372
				,0.0878552
				,0.24901
				,-0.00426922
				,0.0948573
				,0.243997
				,0.0154519
				,0.100685
				,0.245306
				,0.0136919
				,0.105155
				,0.253167
				,-0.00216115
				,0.121494
				,0.251139
				,0.00729286
				,0.123056
				,0.251104
				,0.00559369
				,0.131711
				,0.252473
				,-0.00212886
				,0.132937
				,0.248571
				,0.005582
				,0.144096
				,0.248177
				,-0.00551973
				,0.145317
				,0.253244
				,-0.0140815
				,0.133704
				,0.246758
				,-0.00647217
				,0.147623
				,0.257569
				,0.000721719
				,0.128321
				,0.253362
				,0.00552639
				,0.142756
				,0.241834
				,0.000534596
				,0.154103
				,0.253362
				,0.00552639
				,0.142756
				,0.241834
				,0.000534596
				,0.154103
				,0.240073
				,0.0073561
				,0.158193
				,0.251343
				,-0.0103646
				,0.131345
				,0.250553
				,-0.00705322
				,0.145103
				,0.254942
				,-0.00492786
				,0.127191
				,0.250553
				,-0.00705322
				,0.145103
				,0.251189
				,-0.00186259
				,0.14635
				,0.254942
				,-0.00492786
				,0.127191
				,0.25612
				,0.0102033
				,0.124388
				,0.252528
				,0.016055
				,0.141246
				,0.250133
				,0.0205116
				,0.13788
				,0.255603
				,0.0140807
				,0.12247
				,0.241889
				,0.0204798
				,0.149875
				,0.241272
				,0.0166917
				,0.152258
				,0.23539
				,0.0211109
				,0.152652
				,0.236353
				,0.017815
				,0.15683
				,0.244738
				,0.000163135
				,0.159226
				,0.237138
				,0.00268056
				,0.160835
				,0.236396
				,-0.00350469
				,0.158828
				,0.241278
				,-0.00515942
				,0.153024
				,-0.190905
				,-0.0119762
				,0.269167
				,-0.194748
				,-0.0143855
				,0.259349
				,-0.202348
				,-0.00163517
				,0.265349
				,-0.194698
				,0.0113393
				,0.25992
				,-0.190873
				,0.00848691
				,0.26962
				,-0.202348
				,-0.00163517
				,0.265349
				,-0.196514
				,-0.00180171
				,0.27236
				,-0.196514
				,-0.00180171
				,0.27236
				,-0.173518
				,-0.00282347
				,0.282741
				,-0.173416
				,-0.00890486
				,0.276676
				,-0.172784
				,0.00491031
				,0.277343
				,-0.173518
				,-0.00282347
				,0.282741
				,0.133911
				,-0.0228183
				,0.228324
				,0.134456
				,-0.0270237
				,0.195675
				,0.121694
				,-0.0270845
				,0.220218
				,0.143928
				,-0.0100998
				,0.243273
				,0.158761
				,-0.0100086
				,0.230558
				,0.147152
				,-0.0220867
				,0.212764
				,0.137867
				,-0.0249601
				,0.192515
				,0.124685
				,-0.0295659
				,0.175638
				,0.119191
				,-0.0314209
				,0.179177
				,0.110414
				,-0.0313011
				,0.208697
				,0.165858
				,-0.000290217
				,0.228707
				,0.162016
				,-0.00831639
				,0.224804
				,0.162181
				,-0.000518986
				,0.234903
				,0.145853
				,-0.000957341
				,0.247766
				,0.143928
				,-0.0100998
				,0.243273
				,0.13531
				,-0.00084225
				,0.255243
				,0.13531
				,-0.00084225
				,0.255243
				,0.143928
				,-0.0100998
				,0.243273
				,0.134783
				,-0.0102705
				,0.250731
				,0.143928
				,-0.0100998
				,0.243273
				,0.133911
				,-0.0228183
				,0.228324
				,0.134783
				,-0.0102705
				,0.250731
				,0.134783
				,-0.0102705
				,0.250731
				,0.133911
				,-0.0228183
				,0.228324
				,0.131315
				,-0.021383
				,0.230107
				,0.131315
				,-0.021383
