{
	 "rootnode": {
		 "name": "RootNode"
		,"transformation": [
			 1
			,0
			,0
			,0
			,0
			,1
			,0
			,0
			,0
			,0
			,1
			,0
			,0
			,0
			,0
			,1
		]
		,"children": [
			{
				 "name": "Hemi.001"
				,"transformation": [
					 100
					,0
					,0
					,0
					,0
					,-100
					,3.89414e-005
					,0
					,0
					,-3.89414e-005
					,-100
					,-5000
					,0
					,0
					,0
					,1
				]
			}
			,{
				 "name": "Hemi"
				,"transformation": [
					 100
					,0
					,0
					,0
					,0
					,100
					,0
					,0
					,0
					,0
					,100
					,0
					,0
					,0
					,0
					,1
				]
			}
			,{
				 "name": "Armature_$AssimpFbxNull$"
				,"transformation": [
					 100
					,0
					,0
					,0
					,0
					,-1.62921e-005
					,100
					,0
					,0
					,-100
					,-1.62921e-005
					,0
					,0
					,0
					,0
					,1
				]
				,"children": [
					{
						 "name": "Bone"
						,"transformation": [
							 -0.229693
							,0.973263
							,3.46555e-007
							,-19.9483
							,2.03771e-007
							,4.04166e-007
							,-1
							,0.203461
							,-0.973263
							,-0.229693
							,-2.91157e-007
							,52.5135
							,0
							,0
							,0
							,1
						]
						,"children": [
							{
								 "name": "Bone.001"
								,"transformation": [
									 5.52335e-007
									,-0.245791
									,-0.969323
									,5.60642e-008
									,0
									,0.969323
									,-0.245791
									,11.072
									,1
									,1.35759e-007
									,5.35391e-007
									,-1.76009e-008
									,0
									,0
									,0
									,1
								]
								,"children": [
									{
										 "name": "Bone.002"
										,"transformation": [
											 1
											,3.44385e-008
											,4.61642e-007
											,-2.15181e-009
											,0
											,0.997229
											,-0.0743932
											,8.12798
											,-4.62925e-007
											,0.0743932
											,0.997229
											,-1.16848e-006
											,0
											,0
											,0
											,1
										]
										,"children": [
											{
												 "name": "Bone.003"
												,"transformation": [
													 0.918912
													,0.393479
													,-0.0278503
													,-2.07654e-008
													,-0.13837
													,0.387648
													,0.911363
													,10.8658
													,0.369398
													,-0.833609
													,0.41066
													,3.64853e-006
													,0
													,0
													,0
													,1
												]
												,"children": [
													{
														 "name": "Bone.005"
														,"transformation": [
															 -0.918912
															,-0.161831
															,0.359738
															,1.19209e-006
															,-0.393478
															,0.311661
															,-0.864894
															,16.66
															,0.0278509
															,-0.936311
															,-0.350066
															,1.17719e-006
															,0
															,0
															,0
															,1
														]
														,"children": [
															{
																 "name": "Bone.007"
																,"transformation": [
																	 -0.99643
																	,0.084415
																	,0.00088164
																	,1.86803e-007
																	,0.0813542
																	,0.962985
																	,-0.256985
																	,10.6614
																	,-0.0225424
																	,-0.255996
																	,-0.966415
																	,-8.30516e-007
																	,0
																	,0
																	,0
																	,1
																]
																,"children": [
																	{
																		 "name": "Bone.008"
																		,"transformation": [
																			 -0.996134
																			,-0.0770435
																			,-0.042214
																			,4.02331e-007
																			,-0.0475712
																			,0.877026
																			,-0.478083
																			,8.45566
																			,0.073856
																			,-0.474227
																			,-0.877299
																			,1.22469e-007
																			,0
																			,0
																			,0
																			,1
																		]
																		,"children": [
																			{
																				 "name": "Bone.009"
																				,"transformation": [
																					 -0.990466
																					,-0.127346
																					,0.0525271
																					,2.98023e-007
																					,-0.137112
																					,0.87461
																					,-0.465035
																					,13.2923
																					,0.0132797
																					,-0.467804
																					,-0.883732
																					,8.54954e-007
																					,0
																					,0
																					,0
																					,1
																				]
																				,"children": [
																					{
																						 "name": "Bone.009_end"
																						,"transformation": [
																							 1
																							,0
																							,0
																							,0
																							,0
																							,1
																							,0
																							,6.0057
																							,0
																							,0
																							,1
																							,0
																							,0
																							,0
																							,0
																							,1
																						]
																					}
																				]
																			}
																		]
																	}
																]
															}
														]
													}
												]
											}
											,{
												 "name": "Bone.004"
												,"transformation": [
													 0.10645
													,-0.420519
													,-0.901017
													,-2.07654e-008
													,0.982656
													,0.182873
													,0.0307448
													,10.8658
													,0.151843
													,-0.888663
													,0.432692
													,3.64853e-006
													,0
													,0
													,0
													,1
												]
												,"children": [
													{
														 "name": "Bone.006"
														,"transformation": [
															 -0.106451
															,-0.261612
															,-0.959285
															,2.5034e-006
															,0.420519
															,0.862394
															,-0.281853
															,15.0549
															,0.901017
															,-0.433401
															,0.0182103
															,-1.24425e-006
															,0
															,0
															,0
															,1
														]
														,"children": [
															{
																 "name": "Bone.011"
																,"transformation": [
																	 0.980076
																	,-0.19862
																	,-7.48783e-007
																	,-4.51326e-007
																	,0.193974
																	,0.95715
																	,0.21503
																	,10.9395
																	,-0.0427086
																	,-0.210746
																	,0.976607
																	,-6.19186e-007
																	,0
																	,0
																	,0
																	,1
																]
																,"children": [
																	{
																		 "name": "Bone.012"
																		,"transformation": [
																			 -0.96961
																			,-0.141829
																			,0.199348
																			,0
																			,0.199724
																			,0.0117281
																			,0.979783
																			,8.6342
																			,-0.1413
																			,0.989822
																			,0.016955
																			,1.78502e-006
																			,0
																			,0
																			,0
																			,1
																		]
																		,"children": [
																			{
																				 "name": "Bone.013"
																				,"transformation": [
																					 0.98534
																					,-0.153165
																					,0.0751357
																					,1.86265e-007
																					,0.149838
																					,0.987539
																					,0.0481144
																					,15.0018
																					,-0.0815689
																					,-0.0361509
																					,0.996012
																					,1.68593e-006
																					,0
																					,0
																					,0
																					,1
																				]
																				,"children": [
																					{
																						 "name": "Bone.013_end"
																						,"transformation": [
																							 1
																							,0
																							,0
																							,0
																							,0
																							,1
																							,0
																							,5.18531
																							,0
																							,0
																							,1
																							,0
																							,0
																							,0
																							,0
																							,1
																						]
																					}
																				]
																			}
																		]
																	}
																]
															}
														]
													}
												]
											}
											,{
												 "name": "Bone.015"
												,"transformation": [
													 1
													,-1.92849e-007
													,-3.37414e-007
													,-2.07654e-008
													,3.06048e-007
													,0.925862
													,0.377863
													,10.8658
													,2.39528e-007
													,-0.377863
													,0.925862
													,3.64853e-006
													,0
													,0
													,0
													,1
												]
												,"children": [
													{
														 "name": "Bone.016"
														,"transformation": [
															 0.999803
															,-0.0129193
															,-0.0150752
															,1.28923e-008
															,0.00304758
															,0.850182
															,-0.52648
															,10.7589
															,0.0196185
															,0.52633
															,0.850054
															,-4.49261e-007
															,0
															,0
															,0
															,1
														]
														,"children": [
															{
																 "name": "Bone.017"
																,"transformation": [
																	 0.999482
																	,-0.0266546
																	,0.0180114
																	,1.49012e-008
																	,0.0278167
																	,0.997319
																	,-0.0676896
																	,7.63127
																	,-0.0161588
																	,0.0681556
																	,0.997544
																	,3.10829e-006
																	,0
																	,0
																	,0
																	,1
																]
																,"children": [
																	{
																		 "name": "Bone.018"
																		,"transformation": [
																			 0.999972
																			,0.00617253
																			,-0.00405775
																			,0
																			,-0.00645862
																			,0.997181
																			,-0.0747501
																			,6.92089
																			,0.00358492
																			,0.0747743
																			,0.997194
																			,5.58514e-006
																			,0
																			,0
																			,0
																			,1
																		]
																		,"children": [
																			{
																				 "name": "Bone.019"
																				,"transformation": [
																					 0.995796
																					,0.0901457
																					,-0.0162649
																					,-5.96046e-008
																					,-0.0873301
																					,0.987866
																					,0.12843
																					,6.77234
																					,0.027645
																					,-0.12647
																					,0.991585
																					,-3.18815e-006
																					,0
																					,0
																					,0
																					,1
																				]
																				,"children": [
																					{
																						 "name": "Bone.020"
																						,"transformation": [
																							 0.997993
																							,0.0592801
																							,-0.0222725
																							,5.21541e-008
																							,-0.0323937
																							,0.780106
																							,0.624808
																							,6.60856
																							,0.0544136
																							,-0.622833
																							,0.78046
																							,9.52743e-007
																							,0
																							,0
																							,0
																							,1
																						]
																						,"children": [
																							{
																								 "name": "Bone.020_end"
																								,"transformation": [
																									 1
																									,0
																									,0
																									,0
																									,0
																									,1
																									,0
																									,18.1277
																									,0
																									,0
																									,1
																									,0
																									,0
																									,0
																									,0
																									,1
																								]
																							}
																						]
																					}
																				]
																			}
																		]
																	}
																]
															}
														]
													}
												]
											}
										]
									}
								]
							}
						]
					}
					,{
						 "name": "Bone.021"
						,"transformation": [
							 -0.284232
							,-0.877547
							,-0.386165
							,-19.9483
							,0.924298
							,-0.357819
							,0.132814
							,0.203461
							,-0.254728
							,-0.319182
							,0.912818
							,52.5135
							,0
							,0
							,0
							,1
						]
						,"children": [
							{
								 "name": "Bone.023"
								,"transformation": [
									 -0.924297
									,0.193177
									,-0.329176
									,-9.53674e-007
									,0.357819
									,0.138462
									,-0.923468
									,18.1017
									,-0.132815
									,-0.971345
									,-0.197103
									,-9.53674e-007
									,0
									,0
									,0
									,1
								]
								,"children": [
									{
										 "name": "Bone.024"
										,"transformation": [
											 -0.991979
											,-0.126266
											,0.00581205
											,-6.21776e-008
											,-0.0730806
											,0.535411
											,-0.841423
											,12.1898
											,0.103131
											,-0.835099
											,-0.540345
											,-2.90514e-006
											,0
											,0
											,0
											,1
										]
										,"children": [
											{
												 "name": "Bone.025"
												,"transformation": [
													 -0.996994
													,-0.0597053
													,0.0493873
													,-4.76837e-007
													,-0.0752114
													,0.898944
													,-0.431559
													,16.3632
													,-0.0186301
													,-0.433976
													,-0.900732
													,2.23517e-008
													,0
													,0
													,0
													,1
												]
												,"children": [
													{
														 "name": "Bone.026"
														,"transformation": [
															 0.962921
															,0.269483
															,0.0127362
															,1.78814e-007
															,-0.232059
															,0.803269
															,0.548549
															,15.9955
															,0.137594
															,-0.531165
															,0.836021
															,-1.99594e-007
															,0
															,0
															,0
															,1
														]
														,"children": [
															{
																 "name": "Bone.026_end"
																,"transformation": [
																	 1
																	,0
																	,0
																	,0
																	,0
																	,1
																	,0
																	,7.50723
																	,0
																	,0
																	,1
																	,0
																	,0
																	,0
																	,0
																	,1
																]
															}
														]
													}
												]
											}
										]
									}
								]
							}
						]
					}
					,{
						 "name": "Bone.022"
						,"transformation": [
							 0.595498
							,-0.802303
							,0.0411362
							,-19.9483
							,0.407159
							,0.345557
							,0.845465
							,0.203461
							,-0.692534
							,-0.486724
							,0.532443
							,52.5135
							,0
							,0
							,0
							,1
						]
						,"children": [
							{
								 "name": "Bone.027"
								,"transformation": [
									 -0.40716
									,0.883125
									,0.233047
									,5.24521e-006
									,-0.345557
									,0.0872434
									,-0.934334
									,18.4112
									,-0.845465
									,-0.460954
									,0.269648
									,-1.54972e-006
									,0
									,0
									,0
									,1
								]
								,"children": [
									{
										 "name": "Bone.028"
										,"transformation": [
											 -0.996418
											,0.0844615
											,-0.00429369
											,-2.66034e-007
											,0.0540847
											,0.597377
											,-0.800134
											,12.1241
											,-0.0650156
											,-0.7975
											,-0.599805
											,-1.47909e-007
											,0
											,0
											,0
											,1
										]
										,"children": [
											{
												 "name": "Bone.029"
												,"transformation": [
													 -0.993981
													,0.0635185
													,-0.0892628
													,0
													,0.0923543
													,0.0475191
													,-0.994592
													,16.2369
													,-0.0589333
													,-0.996849
													,-0.0530993
													,2.92622e-006
													,0
													,0
													,0
													,1
												]
												,"children": [
													{
														 "name": "Bone.030"
														,"transformation": [
															 0.952803
															,-0.263421
															,-0.150916
															,8.34465e-007
															,0.297061
															,0.706433
															,0.642422
															,17.6616
															,-0.062615
															,-0.656934
															,0.751344
															,-5.7742e-007
															,0
															,0
															,0
															,1
														]
														,"children": [
															{
																 "name": "Bone.030_end"
																,"transformation": [
																	 1
																	,0
																	,0
																	,0
																	,0
																	,1
																	,0
																	,6.12826
																	,0
																	,0
																	,1
																	,0
																	,0
																	,0
																	,0
																	,1
																]
															}
														]
													}
												]
											}
										]
									}
								]
							}
						]
					}
					,{
						 "name": "Bone.031"
						,"transformation": [
							 1.94707e-007
							,-0.973841
							,0.22723
							,-19.9483
							,1
							,2.20347e-007
							,8.74699e-008
							,0.203461
							,-1.35251e-007
							,0.22723
							,0.973841
							,52.5135
							,0
							,0
							,0
							,1
						]
						,"children": [
							{
								 "name": "Bone.032"
								,"transformation": [
									 1
									,2.26575e-007
									,3.02221e-007
									,1.82351e-008
									,-2.27558e-007
									,0.999995
									,0.003257
									,14.9383
									,-3.01482e-007
									,-0.003257
									,0.999995
									,1.45026e-006
									,0
									,0
									,0
									,1
								]
								,"children": [
									{
										 "name": "Bone.033"
										,"transformation": [
											 1
											,-1.53572e-007
											,-5.88325e-007
											,2.44472e-009
											,1.75953e-007
											,0.999269
											,0.0382328
											,5.91525
											,5.82024e-007
											,-0.0382328
											,0.999269
											,2.94238e-006
											,0
											,0
											,0
											,1
										]
										,"children": [
											{
												 "name": "Bone.034"
												,"transformation": [
													 1
													,-8.88921e-008
													,1.24445e-006
													,3.49701e-008
													,-5.76148e-007
													,0.851827
													,0.523823
													,8.67615
													,-1.10662e-006
													,-0.523823
													,0.851827
													,-1.94264e-006
													,0
													,0
													,0
													,1
												]
												,"children": [
													{
														 "name": "Bone.035"
														,"transformation": [
															 -1
															,-1.57956e-007
															,2.77835e-006
															,6.95582e-009
															,2.26558e-007
															,0.990452
															,0.137854
															,13.0724
															,-2.7736e-006
															,0.137854
															,-0.990452
															,4.06249e-006
															,0
															,0
															,0
															,1
														]
														,"children": [
															{
																 "name": "Bone.035_end"
																,"transformation": [
																	 1
																	,0
																	,0
																	,0
																	,0
																	,1
																	,0
																	,17.1464
																	,0
																	,0
																	,1
																	,0
																	,0
																	,0
																	,0
																	,1
																]
															}
														]
													}
												]
											}
										]
									}
								]
							}
						]
					}
				]
			}
			,{
				 "name": "Gun_a0b86a8_obj"
				,"transformation": [
					 100
					,0
					,0
					,0
					,0
					,-1.62921e-005
					,100
					,0
					,0
					,-100
					,-1.62921e-005
					,0
					,0
					,0
					,0
					,1
				]
				,"meshes": [
					 0
					,1
					,2
				]
			}
		]
	}
	,"flags": 8
	,"meshes": [
		{
			 "name": "Gun_a0b86a8_obj.002"
			,"materialindex": 0
			,"primitivetypes": 4
			,"vertices": [
				 13.8202
				,-2.99531
				,54.0294
				,19.9717
				,-4.754
				,50.3979
				,16.8196
				,-5.04134
				,51.3345
				,22.5316
				,-5.76686
				,42.8622
				,19.2902
				,-7.036
				,46.0552
				,23.1868
				,-5.38118
				,43.6806
				,19.3148
				,-6.60812
				,47.0741
				,26.2154
				,-4.15938
				,46.0629
				,19.9717
				,-4.754
				,50.3979
				,26.2154
				,-4.15938
				,46.0629
				,26.5607
				,-2.11634
				,50.2318
				,13.8202
				,-2.99531
				,54.0294
				,18.3831
				,-0.33295
				,55.7019
				,13.8202
				,-2.99531
				,54.0294
				,15.6338
				,-0.447569
				,55.6181
				,15.6338
				,-0.447569
				,55.6181
				,15.1821
				,1.13596
				,55.7299
				,17.9929
				,1.28221
				,56.2422
				,15.1821
				,1.13596
				,55.7299
				,19.9433
				,2.80669
				,54.9418
				,17.9929
				,1.28221
				,56.2422
				,33.7423
				,1.10891
				,46.7797
				,33.7423
				,1.10891
				,46.7797
				,19.9433
				,2.80669
				,54.9418
				,33.2866
				,2.29432
				,46.3027
				,19.9433
				,2.80669
				,54.9418
				,26.3193
				,4.06564
				,49.8691
				,33.2866
				,2.29432
				,46.3027
				,33.2866
				,2.29432
				,46.3027
				,26.3193
				,4.06564
				,49.8691
				,32.1882
				,3.64907
				,45.1464
				,24.7709
				,5.54605
				,46.5176
				,29.6121
				,5.31148
				,41.2436
				,22.6905
				,6.16163
				,43.3238
				,33.7423
				,1.10891
				,46.7797
				,33.2037
				,-0.142451
				,46.6064
				,18.3831
				,-0.33295
				,55.7019
				,33.2037
				,-0.142451
				,46.6064
				,26.5607
				,-2.11634
				,50.2318
				,33.2037
				,-0.142451
				,46.6064
				,32.3589
				,-1.73038
				,44.7619
				,26.5607
				,-2.11634
				,50.2318
				,26.2154
				,-4.15938
				,46.0629
				,30.0259
				,-4.01697
				,41.7436
				,23.1868
				,-5.38118
				,43.6806
				,26.5971
				,-5.12321
				,37.4155
				,22.5316
				,-5.76686
				,42.8622
				,25.2659
				,-5.56813
				,35.5793
				,22.5316
				,-5.76686
				,42.8622
				,15.357
				,2.71088
				,55.4465
				,15.5746
				,5.10199
				,53.5431
				,15.5746
				,5.10199
				,53.5431
				,26.3193
				,4.06564
				,49.8691
				,18.4695
				,6.79153
				,50.1034
				,24.7709
				,5.54605
				,46.5176
				,18.0982
				,7.97403
				,45.5868
				,22.6905
				,6.16163
				,43.3238
				,18.106
				,8.29674
				,44.4354
				,18.106
				,8.29674
				,44.4354
				,22.3957
				,6.37019
				,43.033
				,25.9806
				,5.47868
				,36.7516
				,22.3957
				,6.37019
				,43.033
				,24.5998
				,5.49702
				,34.8637
				,15.3912
				,6.96669
				,50.7697
				,18.4695
				,6.79153
				,50.1034
				,15.5746
				,5.10199
				,53.5431
				,25.9806
				,5.47868
				,36.7516
				,24.5998
				,5.49702
				,34.8637
				,30.3276
				,5.10806
				,33.2426
				,28.5755
				,5.18039
				,31.5956
				,33.4634
				,4.94442
				,37.1753
				,29.6121
				,5.31148
				,41.2436
				,36.582
				,3.5105
				,39.7823
				,32.1882
				,3.64907
				,45.1464
				,37.4387
				,2.29665
				,40.2125
				,33.2866
				,2.29432
				,46.3027
				,33.7423
				,1.10891
				,46.7797
				,37.9154
				,1.06353
				,40.6959
				,37.9154
				,1.06353
				,40.6959
				,37.7231
				,-0.249961
				,40.5685
				,33.7423
				,1.10891
				,46.7797
				,33.2037
				,-0.142451
				,46.6064
				,32.3589
				,-1.73038
				,44.7619
				,36.9242
				,-1.5352
				,40.6703
				,30.0259
				,-4.01697
				,41.7436
				,34.0781
				,-3.58581
				,38.3542
				,26.5971
				,-5.12321
				,37.4155
				,30.8065
				,-4.64471
				,34.0739
				,25.2659
				,-5.56813
				,35.5793
				,30.8065
				,-4.64471
				,34.0739
				,29.127
				,-5.07681
				,32.1992
				,44.1692
				,-4.67746
				,27.11
				,44.4348
				,-5.2864
				,26.0156
				,40.7325
				,-4.69964
				,28.2108
				,40.5478
				,-5.27938
				,26.7738
				,42.6159
				,-3.21014
				,32.1116
				,45.4489
				,-3.14418
				,30.3236
				,46.4398
				,-1.91649
				,32.5923
				,43.5791
				,-1.85314
				,34.1777
				,46.6679
				,-0.207952
				,33.4621
				,43.8173
				,-0.240045
				,35.2441
				,46.6537
				,1.40196
				,33.6181
				,43.7299
				,1.38035
				,35.548
				,43.7299
				,1.38035
				,35.548
				,43.5651
				,2.88865
				,34.8972
				,46.6537
				,1.40196
				,33.6181
				,46.4158
				,2.92074
				,33.1152
				,43.0936
				,4.17239
				,33.5096
				,45.9356
				,4.34081
				,31.8985
				,42.1168
				,4.91223
				,31.3098
				,45.1525
				,4.97941
				,29.7093
				,39.9955
				,5.24635
				,27.3994
				,43.9625
				,5.59152
				,25.9801
				,43.5384
				,5.8377
				,24.7822
				,39.6888
				,5.38109
				,25.5917
				,39.8973
				,-1.77847
				,36.139
				,43.5791
				,-1.85314
				,34.1777
				,38.3014
				,-3.39906
				,33.8385
				,42.6159
				,-3.21014
				,32.1116
				,40.7325
				,-4.69964
				,28.2108
				,35.6121
				,-4.67409
				,30.814
				,40.5478
				,-5.27938
				,26.7738
				,35.6121
				,-4.67409
				,30.814
				,40.5478
				,-5.27938
				,26.7738
				,33.7556
				,-5.06913
				,30.3313
				,40.2015
				,3.89731
				,36.6296
				,38.1622
				,4.86133
				,34.198
				,43.0936
				,4.17239
				,33.5096
				,42.1168
				,4.91223
				,31.3098
				,39.9955
				,5.24635
				,27.3994
				,34.5264
				,5.19003
				,30.6458
				,34.5264
				,5.19003
				,30.6458
				,39.6888
				,5.38109
				,25.5917
				,33.076
				,5.41216
				,29.6454
				,39.6888
				,5.38109
				,25.5917
				,49.7142
				,1.1164
				,28.8191
				,49.6412
				,2.38863
				,28.0801
				,50.6579
				,0.994383
				,24.9031
				,49.6412
				,2.38863
				,28.0801
				,49.7347
				,3.47494
				,26.1194
				,50.6579
				,0.994383
				,24.9031
				,49.7423
				,1.27911
				,21.7489
				,48.9001
				,4.31049
				,22.5501
				,37.4387
				,2.29665
				,40.2125
				,43.5651
				,2.88865
				,34.8972
				,37.9154
				,1.06353
				,40.6959
				,43.7299
				,1.38035
				,35.548
				,43.7299
				,1.38035
				,35.548
				,43.8173
				,-0.240045
				,35.2441
				,37.9154
				,1.06353
				,40.6959
				,37.7231
				,-0.249961
				,40.5685
				,29.127
				,-5.07681
				,32.1992
				,30.8065
				,-4.64471
				,34.0739
				,33.7556
				,-5.06913
				,30.3313
				,33.7556
				,-5.06913
				,30.3313
				,30.8065
				,-4.64471
				,34.0739
				,35.6121
				,-4.67409
				,30.814
				,34.0781
				,-3.58581
				,38.3542
				,35.6121
				,-4.67409
				,30.814
				,34.0781
				,-3.58581
				,38.3542
				,38.3014
				,-3.39906
				,33.8385
				,39.8973
				,-1.77847
				,36.139
				,36.9242
				,-1.5352
				,40.6703
				,36.9242
				,-1.5352
				,40.6703
				,37.7231
				,-0.249961
				,40.5685
				,39.8973
				,-1.77847
				,36.139
				,37.7231
				,-0.249961
				,40.5685
				,43.8173
				,-0.240045
				,35.2441
				,39.8973
				,-1.77847
				,36.139
				,43.5791
				,-1.85314
				,34.1777
				,-42.2911
				,3.5806
				,28.3389
				,-43.3211
				,2.88221
				,28.1659
				,-42.1539
				,3.54401
				,22.9203
				,-42.8937
				,2.90485
				,22.6955
				,-40.4878
				,3.50761
				,17.477
				,-41.2924
				,2.92628
				,17.3024
				,-43.9228
				,3.11781
				,35.0691
				,-42.5729
				,4.10775
				,35.2442
				,-41.843
				,2.86443
				,43.0485
				,-40.6508
				,3.8845
				,42.9118
				,-40.0754
				,2.24895
				,48.9036
				,-39.9074
				,2.87155
				,49.1726
				,-38.7893
				,2.33007
				,51.8006
				,-42.5267
				,-0.237313
				,49.2529
				,-45.99
				,-0.106319
				,43.4697
				,-47.903
				,0.0881126
				,34.6154
				,-47.1155
				,0.206287
				,27.4654
				,-45.7907
				,0.289748
				,21.7987
				,-44.5533
				,0.368905
				,16.4773
				,-40.226
				,-2.62281
				,48.6772
				,-42.0262
				,-2.94982
				,42.9056
				,-44.1035
				,-2.78749
				,34.9608
				,-45.99
				,-0.106319
				,43.4697
				,-44.1035
				,-2.78749
				,34.9608
				,-43.5029
				,-2.32124
				,28.0644
				,-47.903
				,0.0881126
				,34.6154
				,-47.903
				,0.0881126
				,34.6154
				,-43.5029
				,-2.32124
				,28.0644
				,-47.1155
				,0.206287
				,27.4654
				,-43.0655
				,-2.18089
				,22.5375
				,-45.7907
				,0.289748
				,21.7987
				,-38.7893
				,2.33007
				,51.8006
				,-38.1134
				,-0.343793
				,53.6132
				,-42.5267
				,-0.237313
				,49.2529
				,-38.1134
				,-0.343793
				,53.6132
				,-38.7996
				,-2.93177
				,51.6839
				,-38.7996
				,-2.93177
				,51.6839
				,-40.0099
				,-3.31024
				,48.7733
				,-40.6652
				,-4.07665
				,42.7193
				,-40.226
				,-2.62281
				,48.6772
				,-40.226
				,-2.62281
				,48.6772
				,-40.6652
				,-4.07665
				,42.7193
				,-42.0262
				,-2.94982
				,42.9056
				,-42.581
				,-3.96119
				,35.1038
				,-44.1035
				,-2.78749
				,34.9608
				,-42.2983
				,-3.20218
				,28.2316
				,-42.2983
				,-3.20218
				,28.2316
				,-42.2983
				,-3.20218
				,28.2316
				,-42.161
				,-3.00494
				,22.8211
				,-43.5029
				,-2.32124
				,28.0644
				,-43.0655
				,-2.18089
				,22.5375
				,-40.4947
				,-2.80742
				,17.3814
				,-41.4717
				,-2.04335
				,17.2042
				,-41.4717
				,-2.04335
				,17.2042
				,-44.5533
				,0.368905
				,16.4773
				,28.5755
				,5.18039
				,31.5956
				,33.076
				,5.41216
				,29.6454
				,30.3276
				,5.10806
				,33.2426
				,33.076
				,5.41216
				,29.6454
				,34.5264
				,5.19003
				,30.6458
				,30.3276
				,5.10806
				,33.2426
				,33.4634
				,4.94442
				,37.1753
				,38.1622
				,4.86133
				,34.198
				,33.4634
				,4.94442
				,37.1753
				,40.2015
				,3.89731
				,36.6296
				,36.582
				,3.5105
				,39.7823
				,36.582
				,3.5105
				,39.7823
				,40.2015
				,3.89731
				,36.6296
				,37.4387
				,2.29665
				,40.2125
				,37.4387
				,2.29665
				,40.2125
				,40.2015
				,3.89731
				,36.6296
				,43.5651
				,2.88865
				,34.8972
				,43.0936
				,4.17239
				,33.5096
				,49.6354
				,-1.10395
				,29.0634
				,50.4947
				,-0.425778
				,26.5874
				,49.8986
				,-2.14301
				,25.906
				,50.4947
				,-0.425778
				,26.5874
				,50.6334
				,-0.432234
				,24.2989
				,49.8986
				,-2.14301
				,25.906
				,49.1951
				,-3.55064
				,20.1109
				,49.802
				,-0.853848
				,18.9715
				,49.0332
				,-3.83695
				,18.7107
				,49.5709
				,-0.968749
				,17.5711
				,49.5709
				,-0.968749
				,17.5711
				,49.802
				,-0.853848
				,18.9715
				,48.7994
				,3.09038
				,20.137
				,49.0612
				,2.73838
				,21.031
				,50.6334
				,-0.432234
				,24.2989
				,50.2279
				,1.45857
				,24.6112
				,50.2208
				,1.11873
				,26.3422
				,50.4947
				,-0.425778
				,26.5874
				,49.7142
				,1.1164
				,28.8191
				,49.6354
				,-1.10395
				,29.0634
				,50.6488
				,-2.81631
				,26.7409
				,49.3517
				,-1.29444
				,29.5247
				,51.5139
				,0.144339
				,25.6642
				,50.6724
				,1.10527
				,28.5513
				,48.3669
				,0.106914
				,30.8207
				,50.6724
				,1.10527
				,28.5513
				,48.3669
				,0.106914
				,30.8207
				,48.0146
				,1.47122
				,31.6387
				,50.2687
				,-2.07292
				,26.269
				,50.1107
				,-1.41065
				,29.0207
				,50.9884
				,-0.985577
				,25.4383
				,50.1107
				,-1.41065
				,29.0207
				,50.2378
				,-0.372525
				,29.27
				,50.9884
				,-0.985577
				,25.4383
				,51.2241
				,2.04066
				,24.8776
				,50.5057
				,3.211
				,28.2493
				,50.0266
				,4.10232
				,27.5761
				,51.1207
				,2.81615
				,24.4941
				,48.3778
				,4.09596
				,29.9751
				,48.2544
				,3.33835
				,30.4516
				,47.078
				,4.22218
				,30.5305
				,47.2706
				,3.563
				,31.3659
				,48.9476
				,0.0326213
				,31.8452
				,47.4276
				,0.536106
				,32.1671
				,47.2793
				,-0.700944
				,31.7656
				,48.2556
				,-1.03189
				,30.6049
				,-38.1811
				,-2.39525
				,53.8335
				,-38.9497
				,-2.87712
				,51.8699
				,-40.4696
				,-0.327041
				,53.0699
				,-38.9396
				,2.26785
				,51.984
				,-38.1746
				,1.69738
				,53.9241
				,-40.4696
				,-0.327041
				,53.0699
				,-39.3028
				,-0.360351
				,54.472
				,-39.3028
				,-0.360351
				,54.472
				,-34.7037
				,-0.564703
				,56.5483
				,-34.6833
				,-1.78098
				,55.3352
				,-34.5568
				,0.982055
				,55.4686
				,-34.7037
				,-0.564703
				,56.5483
				,26.7822
				,-4.56368
				,45.6649
				,26.8912
				,-5.40475
				,39.1351
				,24.3389
				,-5.41692
				,44.0436
				,28.7856
				,-2.01996
				,48.6546
				,31.7523
				,-2.00172
				,46.1117
				,29.4304
				,-4.41734
				,42.5529
				,27.5735
				,-4.99203
				,38.503
				,24.937
				,-5.9132
				,35.1276
				,23.8382
				,-6.28419
				,35.8354
				,22.0829
				,-6.26024
				,41.7394
				,33.1716
				,-0.0580512
				,45.7415
				,32.4031
				,-1.66329
				,44.9609
				,32.4362
				,-0.103805
				,46.9807
				,29.1707
				,-0.191477
				,49.5533
				,28.7856
				,-2.01996
				,48.6546
				,27.0621
				,-0.168459
				,51.0486
				,27.0621
				,-0.168459
				,51.0486
				,28.7856
				,-2.01996
				,48.6546
				,26.9567
				,-2.05412
				,50.1462
				,28.7856
				,-2.01996
				,48.6546
				,26.7822
				,-4.56368
				,45.6649
				,26.9567
				,-2.05412
				,50.1462
				,26.9567
				,-2.05412
				,50.1462
				,26.7822
				,-4.56368
				,45.6649
				,26.263
				,-4.27662
				,46.0215
				,26.263
				,-4.27662
				,46.0215
				,23.6309
				,-5.41186
				,44.7457
				,21.5735
				,-6.24452
				,42.6637
				,29.9872
				,-4.07535
				,41.7874
				,36.0112
				,-3.70848
				,36.5293
				,36.2148
				,-4.94141
				,30.3139
				,33.0302
				,-4.78413
				,33.4095
				,38.0342
				,-1.73824
				,39.0368
				,40.7629
				,-1.77857
				,37.2883
				,38.7311
				,-3.5322
				,33.9585
				,37.2871
				,-4.67372
				,29.6471
				,34.5016
				,-5.55493
				,26.3518
				,32.7086
				,-5.65907
				,27.5848
				,29.2345
				,-5.62557
				,30.1035
				,41.8855
				,-0.157703
				,37.2822
				,41.1194
				,-1.68921
				,36.2335
				,41.198
				,-0.217679
				,37.9864
				,38.4093
				,-0.393023
				,39.3743
				,38.4093
				,-0.393023
				,39.3743
				,38.0342
				,-1.73824
				,39.0368
				,38.2197
				,-0.257631
				,39.8504
				,37.5095
				,-1.62727
				,39.4799
				,36.0112
				,-3.70848
				,36.5293
				,35.2207
				,-3.55699
				,36.9217
				,33.0302
				,-4.78413
				,33.4095
				,32.4775
				,-4.57519
				,33.902
				,29.2345
				,-5.62557
				,30.1035
				,32.4775
				,-4.57519
				,33.902
				,29.2345
				,-5.62557
				,30.1035
				,28.4431
				,-5.38576
				,30.7535
				,39.7406
				,-3.35208
				,33.0954
				,26.0218
				,5.9469
				,45.4293
				,31.5172
				,3.94344
				,45.8224
				,28.2551
				,3.93801
				,48.6087
				,21.49
				,6.68589
				,42.2647
				,22.2857
				,6.67925
				,41.997
				,22.7696
				,6.01445
				,45.326
				,22.2857
				,6.67925
				,41.997
				,23.5466
				,6.33745
				,43.1807
				,22.7696
				,6.01445
				,45.326
				,24.8122
				,5.66283
				,46.4809
				,23.5466
				,6.33745
				,43.1807
				,24.8122
				,5.66283
				,46.4809
				,26.0218
				,5.9469
				,45.4293
				,26.4252
				,4.01614
				,49.9424
				,26.0218
				,5.9469
				,45.4293
				,28.2551
				,3.93801
				,48.6087
				,26.4252
				,4.01614
				,49.9424
				,26.9683
				,2.28113
				,50.9051
				,26.9683
				,2.28113
				,50.9051
				,28.2551
				,3.93801
				,48.6087
				,29.0663
				,2.25858
				,49.4231
				,32.39
				,2.22274
				,46.9098
				,32.1479
				,3.59453
				,45.2675
				,33.0892
				,2.16566
				,46.2618
				,22.933
				,6.07649
				,35.1236
				,26.25
				,6.01539
				,38.4419
				,28.9
				,5.72168
				,41.9369
				,29.569
				,5.36996
				,41.2831
				,26.9736
				,5.61193
				,37.8557
				,23.9788
				,5.70409
				,34.0874
				,35.4644
				,5.09366
				,35.7169
				,40.3419
				,4.0428
				,36.8602
				,37.8221
				,3.66526
				,38.2983
				,28.7262
				,5.14044
				,29.8227
				,29.4658
				,5.38241
				,29.2432
				,31.8539
				,5.20678
				,33.2546
				,29.4658
				,5.38241
				,29.2432
				,32.3939
				,5.4654
				,32.7439
				,31.8539
				,5.20678
				,33.2546
				,34.7389
				,4.90297
				,36.1921
				,35.4644
				,5.09366
				,35.7169
				,37.2978
				,3.54709
				,38.7624
				,37.8221
				,3.66526
				,38.2983
				,38.0368
				,2.28824
				,39.5511
				,38.5664
				,2.45984
				,39.0004
				,38.5664
				,2.45984
				,39.0004
				,40.9973
				,2.68992
				,37.7616
				,40.9557
				,3.9091
				,36.0154
				,41.6915
				,2.6334
				,37.0638
				,29.4658
				,5.38241
				,29.2432
				,32.39
				,5.55139
				,27.9529
				,32.3939
				,5.4654
				,32.7439
				,35.4969
				,5.41637
				,29.5449
				,38.4425
				,5.04257
				,33.9957
				,39.1336
				,4.7657
				,32.156
				,36.6297
				,5.21062
				,28.8638
				,34.4541
				,5.13127
				,25.6406
				,19.6998
				,1.33666
				,55.9726
				,23.0095
				,-0.322469
				,54.3968
				,21.0138
				,-0.36841
				,55.2369
				,23.0095
				,-0.322469
				,54.3968
				,20.6187
				,-3.00494
				,53.4766
				,21.0138
				,-0.36841
				,55.2369
				,20.4235
				,-5.17149
				,49.958
				,19.3182
				,-5.14155
				,50.0112
				,19.898
				,-2.99484
				,53.4992
				,16.3358
				,-0.35166
				,56.0241
				,16.2127
				,1.16993
				,56.0369
				,15.1821
				,1.13596
				,55.7299
				,16.2127
				,1.16993
				,56.0369
				,15.1821
				,1.13596
				,55.7299
				,16.1866
				,2.68562
				,55.944
				,15.2713
				,2.6423
				,55.4395
				,15.3549
				,5.62634
				,53.7406
				,15.2713
				,2.6423
				,55.4395
				,14.5669
				,5.4815
				,53.4895
				,15.3549
				,5.62634
				,53.7406
				,14.8433
				,7.17562
				,50.4111
				,14.5669
				,5.4815
				,53.4895
				,13.9911
				,7.09647
				,50.5668
				,14.8433
				,7.17562
				,50.4111
				,20.7973
				,2.90316
				,55.1849
				,20.8882
				,1.27706
				,55.4499
				,20.8882
				,1.27706
				,55.4499
				,21.0138
				,-0.36841
				,55.2369
				,20.8882
				,1.27706
				,55.4499
				,19.6998
				,1.33666
				,55.9726
				,20.8882
				,1.27706
				,55.4499
				,20.7973
				,2.90316
				,55.1849
				,19.6998
				,1.33666
				,55.9726
				,19.5312
				,2.90438
				,55.6252
				,19.2386
				,5.36257
				,53.4256
				,19.4186
				,5.32243
				,53.1312
				,19.4186
				,5.32243
				,53.1312
				,19.4186
				,5.32243
				,53.1312
				,14.8433
				,7.17562
				,50.4111
				,14.8433
				,7.17562
				,50.4111
				,18.372
